     0/299    0.323G   0.01778  0.007073   0.01036  0.007232   0.04244        14       416    0.5157    0.9375    0.8899    0.6739    0.0146  0.008083   0.01381
     1/299     1.76G   0.01854  0.007049   0.01296  0.009062   0.04761        17       416    0.5135     0.937    0.8885    0.6801   0.01547  0.008085   0.01389
     2/299     1.77G   0.01952  0.007187   0.01166  0.009263   0.04763        14       416    0.5201    0.9426    0.8827    0.6731   0.01618  0.008172   0.01374
     3/299     1.79G   0.01915  0.007223   0.01015  0.008236   0.04476        21       416    0.4954    0.9347    0.8687    0.6116   0.01616  0.008249    0.0138
     4/299     1.79G   0.02065  0.007361   0.01211  0.008509   0.04863        17       416    0.5112    0.9314     0.877    0.6308   0.01799   0.00813   0.01423
     5/299      1.8G   0.02158  0.007429   0.01316  0.009524   0.05169        20       416     0.514    0.9387    0.8706    0.5954   0.01836  0.008621   0.01419
     6/299     1.81G   0.02142  0.007463   0.01198  0.009189   0.05004        11       416    0.5059    0.9359    0.8781    0.5957   0.01827  0.008564   0.01424
     7/299     1.82G    0.0229  0.007684   0.01203  0.008703   0.05132        19       416    0.5229    0.9362    0.8676    0.5989   0.01726  0.008484   0.01417
     8/299     1.82G   0.02116  0.007568   0.00994  0.008336     0.047        12       416    0.5565    0.9361    0.8619    0.6053   0.01766   0.00838   0.01449
     9/299     1.84G   0.02265   0.00802   0.01156  0.008787   0.05102        17       416    0.5089    0.9346    0.8419    0.5978   0.01723  0.008559   0.01473
    10/299     1.84G   0.02692  0.008766   0.01176   0.01034    0.0578        13       416    0.4997    0.9011    0.8335    0.5536   0.01919  0.008682   0.01516
    11/299     1.86G   0.02679  0.008316   0.01097  0.009218   0.05529        16       416    0.5246    0.8897    0.8157    0.4634   0.02476  0.009401   0.01498
    12/299     1.86G   0.03037   0.00863   0.01499   0.01079   0.06478        19       416    0.5413     0.923    0.8833    0.5578    0.0234  0.009274   0.01563
    13/299     1.86G   0.02905  0.008665   0.01518   0.01132   0.06422        18       416    0.5386    0.9155    0.8538    0.5429   0.02105  0.009028   0.01631
    14/299     1.87G   0.02862  0.008045   0.01655   0.01073   0.06394        18       416    0.4669    0.8832    0.7867    0.4334    0.0222  0.009212   0.01592
    15/299     1.87G   0.02706  0.008595   0.01428   0.01031   0.06024        12       416    0.4937    0.8783     0.775    0.4803   0.02324  0.009244   0.01593
    16/299     1.87G    0.0308   0.00856   0.01549   0.01148   0.06633        13       416    0.4642    0.8737    0.7938    0.4001   0.02576  0.009713    0.0175
    17/299     1.87G   0.03255  0.009314   0.01726    0.0128   0.07192        16       416    0.4777    0.8498    0.7586      0.43   0.02444   0.01013   0.01875
    18/299     1.87G   0.02987  0.008928   0.01334   0.01164   0.06378        14       416    0.5132    0.8641    0.7747    0.4803   0.02227   0.00998   0.01855
    19/299     1.87G   0.03096  0.009335    0.0163   0.01061    0.0672        18       416    0.4433    0.9175    0.7988    0.4852   0.02306   0.01002   0.01749
    20/299     1.87G   0.03351  0.009561   0.01703   0.01178   0.07188        21       416    0.4372    0.8699    0.7576    0.4142    0.0259   0.01016   0.01776
    21/299     1.87G   0.02937  0.009239   0.01809   0.01188   0.06859        14       416    0.4714    0.8744    0.7961    0.4607   0.02427   0.00978   0.01644
    22/299     1.87G   0.03184  0.009557   0.01758   0.01206   0.07104        20       416    0.4161    0.8827    0.7729    0.4758   0.02187  0.009956   0.01739
    23/299     1.87G   0.03195  0.009718   0.01958   0.01292   0.07417        12       416    0.4075    0.8287    0.7319    0.4257   0.02419   0.01001   0.01768
    24/299     1.87G   0.03132  0.008767   0.01765   0.01157   0.06931        19       416    0.4146     0.871    0.7646    0.4385   0.02469   0.01002   0.01715
    25/299     1.87G   0.02999  0.009513   0.01876   0.01118   0.06944        17       416    0.4968    0.9083    0.8293     0.453   0.02488   0.01036   0.01763
    26/299     1.87G   0.03179  0.009454   0.01893   0.01137   0.07155        17       416     0.431    0.8944    0.7882     0.489   0.02283  0.009816   0.01718
    27/299     1.87G   0.03083   0.00957   0.01934    0.0126   0.07234        18       416    0.4116    0.8891    0.7923    0.4841   0.02275  0.009927   0.01669
    28/299     1.87G   0.03194  0.009457   0.01707   0.01255   0.07102        25       416    0.3986    0.8872    0.7719     0.471   0.02271    0.0107   0.01843
    29/299     1.87G   0.03111  0.009461   0.01846    0.0115   0.07053        25       416    0.4459    0.8696     0.821    0.4463   0.02439   0.01001   0.01674
    30/299     1.87G   0.03137  0.009123    0.0159   0.01136   0.06776        17       416    0.4453    0.8849    0.7913    0.5181   0.02224  0.009442   0.01704
    31/299     1.87G   0.03013  0.009228   0.01674   0.01193   0.06803        21       416     0.412    0.8867    0.8218    0.4806   0.02197  0.009794   0.01828
    32/299     1.87G   0.02965  0.009348   0.01697   0.01074   0.06671        26       416    0.4323    0.9111    0.7943    0.4637   0.02242  0.009979   0.01797
    33/299     1.87G   0.02909  0.009033   0.01634   0.01076   0.06522        14       416    0.4547    0.8813    0.8383    0.4932   0.02306  0.009597   0.01635
    34/299     1.87G   0.03111  0.009216   0.01628   0.01092   0.06753        21       416    0.4171    0.8903    0.8311    0.5162   0.02175  0.009837   0.01722
    35/299     1.87G   0.02755  0.008723   0.01562    0.0112   0.06309        13       416    0.4262    0.9031    0.8005    0.4838   0.02275  0.009847   0.01627
    36/299     1.87G   0.03061  0.009745   0.01637   0.01322   0.06995        14       416    0.3947    0.8706     0.741    0.4635   0.02284   0.01007   0.01828
    37/299     1.87G   0.02832  0.009735   0.01719   0.01187   0.06712        22       416     0.441    0.8213    0.7375    0.4355   0.02198   0.01011   0.01732
    38/299     1.87G   0.02867  0.009822   0.01786   0.01195    0.0683        21       416    0.4137    0.8791    0.7537    0.4641   0.02214   0.01001   0.01665
    39/299     1.87G   0.02871  0.009421   0.01777   0.01208   0.06798        17       416    0.4546    0.8776    0.7781    0.4668   0.02339  0.009675   0.01614
    40/299     1.87G   0.02926  0.009641   0.01705   0.01168   0.06763        28       416    0.4651    0.8714    0.7698    0.4936   0.02071  0.009678   0.01679
    41/299     1.87G   0.02857  0.009339   0.01647    0.0112   0.06558        19       416    0.4163    0.9305    0.7765    0.4861   0.02303  0.009686   0.01719
    42/299     1.87G   0.02888  0.009104   0.01697   0.01134   0.06629        14       416    0.4538    0.8781     0.807    0.4766   0.02378  0.009918   0.01697
    43/299     1.87G   0.02993  0.009394   0.01856   0.01241   0.07028        19       416    0.4764    0.9109    0.7777    0.4735   0.02253  0.009635   0.01798
    44/299     1.87G   0.02867   0.00965   0.01668   0.01224   0.06723        21       416    0.4894    0.8591    0.7863    0.4687   0.02197  0.009878    0.0173
    45/299     1.87G   0.02683  0.009296   0.01646   0.01071    0.0633        18       416    0.4497    0.8595    0.8079    0.5197   0.02089  0.009946   0.01713
    46/299     1.87G   0.02989  0.009255   0.01767   0.01164   0.06845        13       416    0.4663    0.8868    0.8021    0.4725   0.02304  0.009847   0.01644
    47/299     2.04G    0.0291  0.009314   0.01744   0.01125    0.0671        25       416    0.4668     0.886    0.8005    0.5112    0.0222  0.009494   0.01671
    48/299     2.04G   0.02824  0.009144   0.01517   0.01149   0.06405        16       416    0.4661    0.9016    0.8141    0.5184   0.02144  0.009502   0.01594
    49/299     2.06G   0.02767  0.008935   0.01509   0.01012   0.06182        22       416    0.4558    0.8853    0.8142    0.4898    0.0223  0.009788   0.01565
    50/299     2.06G   0.02784  0.008916   0.01476   0.01049   0.06201        17       416     0.447     0.939    0.8331    0.5439   0.02143  0.009456    0.0163
    51/299     2.06G   0.02792  0.008983   0.01625   0.01084   0.06398        13       416    0.4906    0.9365     0.793    0.5125   0.02102   0.00938   0.01598
    52/299     2.06G   0.02717  0.008823   0.01462   0.01049   0.06109        15       416    0.5225    0.9366    0.8463     0.559    0.0202  0.009338   0.01586
    53/299     2.06G   0.02584  0.008177   0.01436   0.01029   0.05866        17       416    0.4765    0.8895    0.7841    0.4979   0.02093  0.009435   0.01645
    54/299     2.06G   0.02808  0.008933   0.01658   0.01107   0.06467        19       416    0.4481    0.9143    0.8371    0.5637    0.0197   0.00939    0.0176
    55/299     2.06G   0.02695  0.008817   0.01586   0.01061   0.06223        16       416    0.4593    0.8855    0.8271    0.5545   0.02013  0.009181   0.01631
    56/299     2.06G   0.02877   0.00917   0.01666   0.01214   0.06673        17       416    0.4991    0.8752     0.807    0.5061   0.02085  0.009569   0.01555
    57/299     2.06G   0.02676  0.008911   0.01408  0.009539   0.05929        15       416    0.4453    0.9043    0.8245    0.5045   0.02129   0.00954     0.016
    58/299     2.06G   0.02895   0.00943     0.018   0.01177   0.06815        19       416     0.483    0.9366    0.7988    0.5046   0.02106  0.009608   0.01574
    59/299     2.06G   0.02616  0.009205   0.01505   0.01087   0.06128        18       416    0.4674    0.9189    0.8115    0.5333   0.02123  0.009027   0.01658
    60/299     2.06G   0.02636  0.008569   0.01512   0.01042   0.06047        22       416    0.4776    0.9445    0.8417    0.5591   0.01937  0.009132   0.01632
    61/299     2.06G   0.02764  0.008714   0.01494   0.01127   0.06257        23       416    0.5051     0.916    0.8321    0.5553    0.0204  0.009333   0.01521
    62/299     2.06G   0.02649  0.009263   0.01472   0.01034   0.06081        16       416    0.5009    0.9031    0.8228    0.5374   0.02024  0.009116   0.01587
    63/299     2.06G   0.02798  0.008797   0.01531   0.01075   0.06284        25       416    0.5013    0.8963    0.8167     0.535   0.02011  0.008996   0.01493
    64/299     2.06G   0.02499  0.009013   0.01487   0.01027   0.05915        16       416    0.5046    0.8857    0.7889    0.4678   0.02202  0.009279   0.01583
    65/299     2.06G   0.02736  0.008667   0.01506   0.01119   0.06227        18       416    0.5156    0.8981    0.8045    0.5337   0.01942  0.009116   0.01543
    66/299     2.06G   0.02781  0.008627    0.0135   0.01109   0.06103        18       416    0.4836    0.9384    0.8418    0.5285   0.02056  0.009269   0.01579
    67/299     2.06G   0.03002  0.008609   0.01618   0.01152   0.06633        18       416    0.4987    0.8918    0.8443    0.5252   0.02158  0.009426     0.016
    68/299     2.06G    0.0269  0.008722   0.01519   0.01109   0.06191        23       416    0.5265    0.9141    0.8152    0.5079    0.0202   0.00938   0.01533
    69/299     2.06G    0.0252  0.008755   0.01365   0.01112   0.05872        19       416     0.528    0.9207    0.7948    0.5062   0.02042  0.009655   0.01613
    70/299     2.06G   0.02576    0.0087   0.01499   0.01004   0.05948        17       416    0.5419    0.9186    0.8232    0.5282   0.02157  0.009287   0.01568
    71/299     2.06G   0.02635  0.008498    0.0133   0.01048   0.05863        23       416    0.5513    0.8815    0.8378    0.5716   0.01935  0.009026   0.01514
    72/299     2.06G   0.02612  0.008152   0.01473   0.01042   0.05943        16       416    0.5194    0.8917    0.8045    0.5353   0.01934  0.008903   0.01481
    73/299     2.06G   0.02599  0.008726   0.01656   0.01059   0.06186        19       416    0.5112    0.8929     0.837    0.5356   0.02088  0.009341   0.01425
    74/299     2.06G   0.02597  0.008203   0.01466   0.01042   0.05925        20       416    0.4741    0.9388    0.8495    0.5393   0.02049  0.009011   0.01473
    75/299     2.06G   0.02813   0.00915   0.01371   0.01098   0.06197        19       416    0.5046    0.9236    0.8438    0.5429   0.02083  0.008949   0.01456
    76/299     2.06G   0.02756  0.008552   0.01409   0.01093   0.06113        17       416    0.4632    0.9381    0.8209    0.5467   0.01996   0.00922   0.01577
    77/299     2.06G   0.02688  0.008519   0.01328    0.0115   0.06018        12       416    0.5038    0.9324    0.8371    0.5431   0.02003   0.00908   0.01474
    78/299     2.06G   0.02643  0.009395   0.01554   0.01066   0.06202        24       416    0.5277    0.9314    0.8332    0.5603   0.01899   0.00892   0.01492
    79/299     2.06G    0.0254   0.00875   0.01264   0.01005   0.05684        10       416    0.5203     0.928    0.8364    0.5515   0.01905  0.009095   0.01589
    80/299     2.06G    0.0256   0.00835   0.01571   0.01003   0.05969        17       416     0.529     0.881    0.8406    0.5614   0.01941  0.009162   0.01489
    81/299     2.06G     0.025  0.009012   0.01592   0.01004   0.05997        15       416    0.4991    0.9292    0.8452    0.5658   0.01972  0.009121    0.0155
    82/299     2.06G   0.02576  0.008409   0.01251  0.009983   0.05667        28       416    0.5287    0.9354    0.8525     0.562   0.01909  0.009099   0.01517
    83/299     2.06G   0.02518  0.009181    0.0136  0.009802   0.05776        15       416    0.5076    0.9292    0.8516    0.5912   0.01936  0.009212   0.01482
    84/299     2.06G   0.02449  0.008614   0.01422  0.009359   0.05669        15       416    0.5334    0.8889      0.85    0.5774   0.01966  0.009073   0.01459
    85/299     2.06G   0.02463  0.008566   0.01216   0.00884   0.05419        14       416    0.5414    0.8686    0.8094    0.5476   0.01876  0.008927   0.01484
    86/299     2.06G   0.02526   0.00857   0.01476  0.009398   0.05799        16       416    0.4949    0.8858     0.804    0.5176   0.02007  0.009634   0.01666
    87/299     2.06G   0.02467   0.00892   0.01062  0.009134   0.05334        19       416    0.5232    0.9168    0.8641     0.565   0.01944  0.009247    0.0157
    88/299     2.06G   0.02463  0.008426   0.01311  0.008839   0.05501        18       416    0.5255    0.9455    0.8694    0.5864   0.01888  0.009081   0.01397
    89/299     2.06G   0.02626  0.008989   0.01412  0.009211   0.05859        11       416    0.5128    0.8999    0.8524    0.5539   0.01973  0.009219   0.01424
    90/299     2.06G   0.02567  0.008254   0.01307   0.01029   0.05728        21       416    0.5389    0.9465      0.87    0.5929   0.01801  0.008951   0.01434
    91/299     2.06G    0.0244  0.008518    0.0126  0.009695   0.05521        25       416    0.4878    0.9315     0.853    0.5861   0.01838  0.008897   0.01372
    92/299     2.06G   0.02452  0.008758   0.01138  0.008789   0.05345        18       416    0.5187    0.9004    0.8541    0.5733   0.01918  0.009087   0.01384
    93/299     2.06G   0.02536  0.008187   0.01413   0.01035   0.05803        22       416    0.5184    0.9395     0.854    0.5856    0.0181  0.009075   0.01434
    94/299     2.06G   0.02594  0.008533   0.01291  0.009383   0.05677        20       416    0.5415     0.927    0.8552    0.5851     0.019  0.008968   0.01495
    95/299     2.06G   0.02531  0.008845   0.01449  0.009838   0.05847        19       416    0.5238    0.9146    0.8636    0.5803   0.01855  0.008904   0.01399
    96/299     2.06G   0.02455  0.008291   0.01296  0.009347   0.05515        18       416    0.5409    0.9444    0.8764    0.5952   0.01768  0.008711   0.01383
    97/299     2.06G   0.02338  0.008381   0.01149  0.009124   0.05238        14       416     0.527    0.9286    0.8721    0.5927   0.01835  0.008736   0.01341
    98/299     2.06G   0.02441  0.008612   0.01217  0.009236   0.05442        23       416    0.5557    0.9345    0.8555     0.596   0.01859  0.008879   0.01412
    99/299     2.07G   0.02313  0.008471   0.01223  0.009847   0.05367        18       416    0.4976    0.9092    0.8511    0.5932   0.01779  0.008814    0.0144
   100/299     2.07G    0.0279  0.008531   0.01488   0.01081   0.06213        16       416     0.535    0.8992     0.858    0.5884   0.01771  0.008694   0.01402
   101/299     2.07G   0.02568  0.008138   0.01406   0.01092    0.0588        20       416     0.534    0.9385    0.8576    0.5809   0.01871  0.009029   0.01428
   102/299     2.07G   0.02616  0.008424    0.0122   0.00992    0.0567        18       416    0.5312    0.8881    0.8425    0.5957   0.01772  0.009001   0.01485
   103/299     2.07G   0.02594  0.008764   0.01372  0.009059   0.05749        21       416    0.5276    0.9305    0.8544    0.5597   0.01963   0.00918    0.0146
   104/299     2.07G   0.02449  0.008058   0.01281  0.009055   0.05441        20       416    0.5476    0.9328    0.8611    0.5948   0.01735  0.008905   0.01413
   105/299     2.07G   0.02474  0.008787   0.01322  0.008984   0.05573        12       416     0.535    0.9331    0.8673    0.6098   0.01734  0.008681   0.01382
   106/299     2.07G   0.02453  0.008076   0.01216  0.008238     0.053        21       416    0.5158    0.9418    0.8374    0.5724   0.01743  0.008831   0.01391
   107/299     2.07G   0.02219  0.008217  0.009814  0.008233   0.04845        14       416    0.5228    0.9273    0.8538     0.578    0.0191  0.009046   0.01405
   108/299     2.07G   0.02482  0.007967   0.01272   0.00902   0.05452        18       416    0.5544     0.922    0.8493    0.5958    0.0175  0.008655    0.0141
   109/299     2.07G   0.02237  0.007798   0.01171  0.008112   0.04999        20       416    0.5455    0.9204    0.8405    0.5569   0.01887  0.008988   0.01424
   110/299     2.07G     0.025   0.00822   0.01337  0.009517   0.05611        13       416    0.5827    0.9087    0.8554    0.5954   0.01787  0.008851   0.01362
   111/299     2.07G   0.02488   0.00818   0.01364  0.009516   0.05622        16       416    0.5294    0.9353    0.8575    0.5897    0.0175  0.009059   0.01434
   112/299     2.07G   0.02504  0.008751    0.0117  0.009655   0.05515        14       416    0.5743    0.9149    0.8596    0.6087    0.0183   0.00871   0.01378
   113/299     2.07G   0.02454  0.007783   0.01404  0.009457   0.05582        19       416    0.5779    0.8893    0.8489    0.5966   0.01836  0.008875   0.01415
   114/299     2.07G   0.02408  0.008079   0.01245  0.009481   0.05409        20       416    0.5821    0.9303    0.8586    0.5883    0.0179  0.008748   0.01513
   115/299     2.07G   0.02332  0.008821   0.01249  0.009057   0.05368        21       416    0.5343    0.9384    0.8977     0.619   0.01772   0.00897   0.01398
   116/299     2.07G   0.02419   0.00829   0.01252  0.009135   0.05413        22       416    0.5304    0.9492    0.8751    0.6065   0.01819  0.008646   0.01425
   117/299     2.07G   0.02365  0.008608   0.01125   0.01018   0.05368        20       416    0.5597    0.9381    0.8977    0.6514   0.01723  0.008609   0.01385
   118/299     2.07G   0.02435  0.008352   0.01176  0.009173   0.05363        27       416    0.5482    0.9122     0.853    0.6006   0.01768  0.008485   0.01301
   119/299     2.07G   0.02159   0.00805   0.01047   0.00784   0.04795        14       416    0.5758    0.9215    0.8523    0.5957   0.01765  0.008592   0.01384
   120/299     2.07G   0.02339  0.008022   0.01291  0.008142   0.05246        15       416    0.5646    0.9397    0.8821    0.6166   0.01713  0.008689   0.01381
   121/299     2.07G   0.02224  0.008237    0.0135  0.008324    0.0523        13       416    0.5299    0.9296    0.8409    0.6101   0.01717  0.008663   0.01465
   122/299     2.07G   0.02527  0.008562   0.01367   0.01007   0.05757        18       416    0.5461    0.9512    0.8614    0.6077   0.01811  0.008663   0.01414
   123/299     2.07G   0.02381  0.008152   0.01232  0.009296   0.05358        28       416    0.5652    0.9411    0.8994    0.6282   0.01845  0.008761   0.01444
   124/299     2.07G   0.02343  0.008065   0.01119   0.01009   0.05278        23       416    0.5507    0.9389    0.8891    0.6315   0.01766  0.008673   0.01499
   125/299     2.07G   0.02364  0.008384   0.01216   0.01006   0.05424        15       416    0.5593    0.9381    0.8842    0.6384   0.01715   0.00891   0.01391
   126/299     2.07G   0.02425  0.008283   0.01276  0.009763   0.05506        20       416    0.5319    0.9482    0.8697    0.5979   0.01943  0.009052   0.01499
   127/299     2.07G   0.02341  0.008253   0.01313  0.009712   0.05451        21       416    0.5326     0.883    0.8325    0.5758    0.0174  0.008835   0.01416
   128/299     2.07G   0.02318  0.008274   0.01275  0.009592   0.05379        18       416    0.5653    0.9117    0.8622    0.6116   0.01703  0.008815   0.01396
   129/299     2.07G   0.02186  0.008156   0.01077  0.008565   0.04934        17       416    0.5362    0.9452    0.8826    0.6167   0.01674  0.008871   0.01346
   130/299     2.07G   0.02224  0.007737  0.009277  0.008092   0.04735        23       416    0.5889    0.9491     0.871    0.6127   0.01732  0.008572   0.01352
   131/299     2.07G   0.02289  0.008003    0.0129  0.008554   0.05235        20       416    0.5702    0.9471    0.8699    0.6301   0.01677  0.008437     0.013
   132/299     2.07G    0.0216  0.007859   0.01178  0.008189   0.04943        12       416    0.5513    0.9341    0.8547    0.5953   0.01707  0.008507   0.01359
   133/299     2.07G   0.02083  0.007919  0.008475  0.007629   0.04486        16       416    0.5684    0.9144    0.8643     0.627    0.0168  0.008636   0.01383
   134/299     2.07G   0.02362  0.008375   0.01134  0.009085   0.05242        16       416    0.5557    0.9335    0.8731    0.6029   0.01675  0.008837   0.01364
   135/299     2.07G   0.02212  0.007934   0.01405  0.009382   0.05349        12       416    0.5708    0.9438    0.8769    0.6062   0.01647  0.008595   0.01338
   136/299     2.07G   0.02286  0.008205   0.01088  0.008899   0.05085        18       416    0.5638    0.9086    0.8635    0.5912   0.01731  0.008548   0.01305
   137/299     2.07G   0.02192  0.008104   0.01108  0.009436   0.05054        15       416    0.5395    0.9056    0.8512    0.6092   0.01628  0.008403   0.01394
   138/299     2.07G   0.02187  0.007677   0.01176  0.009129   0.05043        18       416    0.5742    0.9407    0.8817    0.6255   0.01684  0.008827   0.01281
   139/299     2.07G   0.02427     0.008   0.01293  0.009841   0.05504        16       416     0.557     0.906    0.8641    0.6068   0.01699  0.008757   0.01457
   140/299     2.07G    0.0225    0.0081   0.01096  0.008805   0.05036        30       416    0.5794    0.8991    0.8618    0.6093    0.0169  0.008514   0.01329
   141/299     2.07G   0.02168  0.007846    0.0103  0.007931   0.04775        19       416    0.5341     0.937    0.8937    0.6356    0.0179  0.008671   0.01327
   142/299     2.07G    0.0222  0.007471   0.01224  0.008937   0.05085        18       416    0.5477    0.9476    0.8664    0.5908   0.01709  0.008429   0.01344
   143/299     2.07G   0.02221  0.008045   0.01021  0.008809   0.04927        19       416    0.5528    0.9283    0.8684    0.6109   0.01687  0.008531   0.01385
   144/299     2.07G   0.02154  0.007736  0.009713  0.008021   0.04701        12       416    0.5952    0.9317    0.8955    0.6295   0.01668  0.008677   0.01341
   145/299     2.07G   0.02186  0.008196    0.0107  0.008005   0.04876        23       416    0.6078    0.9496    0.8893    0.6246   0.01623  0.008569   0.01296
   146/299     2.07G   0.02301  0.008142    0.0117  0.008498   0.05134        15       416    0.5706    0.9466    0.8875     0.636   0.01672  0.008641   0.01292
   147/299     2.07G   0.02206  0.007884   0.01014   0.00804   0.04812        14       416      0.58    0.9162    0.8621    0.5978   0.01679  0.008548    0.0134
   148/299     2.07G   0.02165  0.007786  0.009845  0.007979   0.04726        18       416    0.5802    0.9356    0.8553    0.6199   0.01633  0.008416   0.01381
   149/299     2.07G   0.02157  0.007722  0.008953  0.007045   0.04529        10       416    0.5731     0.935    0.8772    0.6325   0.01612   0.00862   0.01326
   150/299     2.07G   0.02398  0.008036   0.01277  0.008515    0.0533        19       416    0.5983    0.9341    0.8859    0.6245   0.01692  0.008532   0.01296
   151/299     2.07G   0.02352  0.007521   0.01488   0.00875   0.05467        22       416    0.5741    0.9441    0.8903    0.6402   0.01603  0.008393   0.01308
   152/299     2.07G   0.02051  0.007604   0.01033  0.007806   0.04625        14       416    0.5944    0.9397    0.8733    0.6168   0.01698  0.008666   0.01309
   153/299     2.07G   0.02295   0.00741  0.008285  0.008523   0.04717        21       416    0.5862    0.8985    0.8611    0.6191   0.01709  0.008536   0.01303
   154/299     2.07G   0.02311  0.007718   0.01066  0.008473   0.04996        13       416     0.579    0.8911    0.8476    0.6111   0.01677   0.00857   0.01287
   155/299     2.07G   0.02226  0.007564   0.01208  0.008485   0.05039        16       416    0.6014    0.9339    0.8696    0.6297   0.01678  0.008504    0.0134
   156/299     2.07G   0.02206  0.007531   0.01006  0.007798   0.04745        16       416    0.5744    0.9362     0.871    0.6207   0.01687  0.008592   0.01324
   157/299     2.07G   0.02204  0.007789   0.01023  0.008608   0.04866        11       416    0.5767    0.9384    0.8648    0.6289   0.01657  0.008711   0.01448
   158/299     2.07G   0.02272  0.007555    0.0118  0.008658   0.05074        19       416    0.5968    0.9382    0.8837    0.6282     0.016  0.008575   0.01357
   159/299     2.07G   0.02095  0.007843   0.01153   0.00818    0.0485         9       416    0.5731    0.9438    0.8784    0.6323   0.01567   0.00829   0.01298
   160/299     2.07G   0.02117  0.007645   0.01031  0.007774    0.0469        14       416    0.5965    0.9307    0.8951    0.6322   0.01616  0.008602    0.0139
   161/299     2.07G   0.01933  0.007171  0.009479  0.007137   0.04312        15       416    0.5919    0.9242    0.8928    0.6418   0.01637  0.008579   0.01501
   162/299     2.07G   0.01999  0.007274  0.009715   0.00725   0.04423        17       416    0.5953    0.9387    0.8781    0.6449   0.01595  0.008235   0.01357
   163/299     2.07G   0.02032  0.007709   0.01108  0.007669   0.04678        12       416    0.5885     0.926    0.8809    0.6468   0.01566  0.008263   0.01357
   164/299     2.07G   0.02036  0.007487   0.01054  0.007365   0.04576        17       416    0.6022     0.934    0.8806    0.6402   0.01602  0.008393   0.01306
   165/299     2.07G   0.01985  0.007415  0.009951  0.007351   0.04457        12       416    0.5619    0.9356     0.872    0.6208   0.01579  0.008502   0.01341
   166/299     2.07G   0.01847  0.007576  0.008287  0.007268   0.04161        18       416     0.593    0.9452     0.883    0.6505   0.01569  0.008273   0.01239
   167/299     2.07G    0.0206  0.007315   0.01076  0.008228    0.0469        21       416    0.5632    0.9494    0.8863    0.6431   0.01556  0.008305   0.01322
   168/299     2.07G   0.02109  0.007817   0.01112  0.008325   0.04835        19       416    0.6195     0.952    0.8882    0.6446   0.01564  0.008191   0.01251
   169/299     2.07G   0.01863  0.007228  0.007843  0.006748   0.04045        16       416    0.6219    0.9386     0.879    0.6525   0.01604  0.008259   0.01357
   170/299     2.07G   0.02178  0.007657   0.01059  0.008168    0.0482        13       416    0.5854    0.9371    0.8736    0.6397   0.01607   0.00825   0.01324
   171/299     2.07G   0.01995  0.007064   0.00872  0.006795   0.04253        23       416    0.5835    0.9433    0.8958    0.6484   0.01603  0.008318   0.01232
   172/299     2.07G   0.01972  0.007499  0.009761  0.007789   0.04476        21       416    0.5679    0.9379    0.9081    0.6607   0.01583  0.008138   0.01283
   173/299     2.07G   0.01886  0.007509  0.008348  0.007078    0.0418        19       416     0.589     0.943    0.9143    0.6706   0.01599  0.008186   0.01257
   174/299     2.07G   0.02011   0.00748  0.009508  0.007116   0.04422        12       416    0.5868    0.9396    0.9046    0.6484   0.01564  0.008223   0.01281
   175/299     2.07G   0.02025  0.007314   0.01024  0.007939   0.04575        15       416    0.6186    0.9387    0.9131    0.6693   0.01579  0.008268   0.01278
   176/299     2.07G    0.0208  0.007055  0.009428    0.0074   0.04468        14       416    0.6123     0.944    0.8865    0.6533   0.01611  0.008358   0.01268
   177/299     2.07G   0.02166  0.007631  0.009551  0.008228   0.04707        13       416    0.6039    0.9364    0.8892    0.6546   0.01607  0.008517   0.01296
   178/299     2.07G   0.02196  0.007689   0.01239  0.008906   0.05094        24       416    0.5752    0.9431    0.8604    0.6303   0.01647  0.008464   0.01349
   179/299     2.07G    0.0211  0.007518   0.01077   0.00816   0.04755        16       416    0.6104    0.9449    0.8847    0.6599   0.01614  0.008385   0.01339
   180/299     2.07G   0.01955  0.007442   0.01093  0.007693   0.04562        16       416    0.5859    0.9346    0.8786    0.6338   0.01589  0.008256   0.01344
   181/299     2.07G   0.01948  0.007341   0.01056  0.006654   0.04403        22       416    0.6095    0.9422    0.8892    0.6601   0.01538  0.008193   0.01264
   182/299     2.07G   0.01986  0.007642  0.009945  0.007768   0.04521        18       416    0.6103    0.9413     0.888    0.6587   0.01528  0.008101   0.01226
   183/299     2.07G    0.0197  0.007447  0.009183  0.007489   0.04382        22       416    0.5904    0.9413    0.8965    0.6435   0.01572  0.008083   0.01277
   184/299     2.07G   0.01935  0.007386  0.008871  0.006985   0.04259        23       416    0.5908    0.9366    0.8736    0.6224   0.01547  0.008173   0.01318
   185/299     2.07G   0.02102  0.007387   0.01119  0.008068   0.04767        14       416     0.612    0.9325    0.8859    0.6436    0.0152  0.008173   0.01277
   186/299     2.07G   0.01974  0.007304  0.009975  0.007868   0.04489        14       416     0.612    0.9428    0.8766    0.6254   0.01619  0.008098   0.01244
   187/299     2.07G   0.01879  0.007328  0.007431  0.006845   0.04039        21       416    0.6044    0.9318    0.8858    0.6527   0.01553  0.007893   0.01249
   188/299     2.07G   0.02042  0.007255   0.01042  0.007588   0.04569        15       416    0.5915    0.9352    0.8807    0.6443   0.01513  0.008045   0.01273
   189/299     2.07G   0.01942  0.007322   0.01011   0.00676   0.04361        13       416    0.6066    0.9379    0.8833    0.6548   0.01505  0.008215   0.01286
   190/299     2.07G   0.01894  0.007161  0.009521   0.00678    0.0424        15       416    0.6055    0.9398    0.9055    0.6626   0.01512   0.00801   0.01219
   191/299     2.07G   0.01892  0.007147  0.009627  0.007282   0.04297        16       416    0.6182     0.928     0.912    0.6765   0.01526  0.008031   0.01217
   192/299     2.07G   0.02129  0.007661  0.009897  0.007186   0.04603        14       416    0.5971    0.9351    0.8864    0.6647   0.01518  0.008195   0.01213
   193/299     2.07G   0.01861  0.007786    0.0104  0.007231   0.04403        19       416    0.6168      0.94    0.9149    0.6726    0.0158  0.008408    0.0126
   194/299     2.07G   0.01886  0.006933  0.008452  0.006911   0.04115        16       416    0.6218    0.9399     0.922    0.6816   0.01599  0.008459   0.01291
   195/299     2.07G   0.01872  0.007151  0.009485  0.007546    0.0429        15       416    0.5998    0.9348     0.872     0.653    0.0153   0.00841   0.01272
   196/299     2.07G   0.01968  0.007392   0.01035  0.007642   0.04506        21       416     0.618    0.9367    0.8852    0.6574   0.01471  0.008368   0.01242
   197/299     2.07G   0.02039  0.007229  0.009902  0.007838   0.04536        21       416    0.6141    0.9193    0.8835    0.6523   0.01493  0.008359   0.01238
   198/299     2.07G   0.01904  0.007226  0.009498  0.007628    0.0434        24       416    0.6106    0.9205    0.9028    0.6652   0.01504  0.008228   0.01308
   199/299     2.07G   0.01863  0.007185  0.009473  0.007668   0.04295        11       416    0.6163    0.9267    0.9072    0.6821   0.01464  0.008178   0.01252
   200/299     2.07G   0.01878  0.007449  0.009732  0.007074   0.04304        13       416     0.591    0.9394    0.9061    0.6861   0.01449  0.008105   0.01262
   201/299     2.07G   0.01907  0.006981  0.008961  0.006726   0.04174        20       416     0.614    0.9273    0.9097     0.688   0.01529  0.008094   0.01228
   202/299     2.07G   0.01829  0.007376  0.007723  0.006773   0.04017        20       416    0.6237    0.9295    0.8959    0.6705    0.0146  0.008188   0.01232
   203/299     2.07G   0.01903   0.00716  0.009566  0.007141    0.0429        20       416    0.6085    0.9367    0.9056    0.6762   0.01524  0.008236   0.01217
   204/299     2.07G   0.01805  0.007219  0.009511  0.007247   0.04202        28       416    0.6162    0.9357    0.9003    0.6656   0.01527  0.008285   0.01239
   205/299     2.07G   0.01803  0.007043  0.008315  0.006877   0.04027        23       416    0.6022     0.937    0.8824    0.6534   0.01491   0.00839   0.01299
   206/299     2.07G   0.01782  0.007113  0.009261  0.007037   0.04123        12       416    0.5965    0.9499    0.8898    0.6611   0.01487  0.008289   0.01239
   207/299     2.07G    0.0174  0.006895  0.007906  0.005987   0.03819        17       416    0.6071    0.9367    0.8833    0.6447   0.01512  0.008298   0.01192
   208/299     2.07G   0.01925  0.007334  0.008557  0.007091   0.04223        17       416    0.6213      0.94    0.8912    0.6655   0.01497  0.008226    0.0123
   209/299     2.07G   0.01881   0.00712  0.009003  0.007186   0.04212        21       416    0.6185    0.9306    0.8868    0.6768   0.01492  0.008367   0.01214
   210/299     2.07G      0.02  0.007596  0.008788  0.007772   0.04416        12       416     0.616    0.9449    0.8959    0.6685    0.0149  0.008215   0.01155
   211/299     2.07G   0.01851  0.007259  0.009175  0.006759   0.04171        21       416    0.6226    0.9379     0.901    0.6868   0.01486  0.008091    0.0119
   212/299     2.07G   0.01774  0.006664  0.007627   0.00673   0.03876        15       416    0.6428    0.9345    0.8981    0.6771   0.01442   0.00812   0.01172
   213/299     2.07G   0.01826  0.006759  0.009556  0.007127   0.04171        15       416    0.6077    0.9324    0.8941    0.6818   0.01489  0.008107   0.01229
   214/299     2.07G   0.01749  0.007044  0.006962  0.006604    0.0381        14       416    0.6095    0.9314    0.8925      0.68    0.0148   0.00814   0.01229
   215/299     2.07G   0.01771  0.007292   0.01015  0.007376   0.04253        20       416    0.6249    0.9355    0.8975    0.6667   0.01476  0.008012   0.01215
   216/299     2.07G   0.01734  0.006997   0.00704  0.006886   0.03826        14       416    0.6291    0.9347    0.8866    0.6666   0.01513  0.008073   0.01301
   217/299     2.07G   0.01793  0.007533  0.009553   0.00737   0.04238        13       416    0.5858    0.9454    0.8836    0.6751   0.01427  0.007922    0.0122
   218/299     2.07G   0.01848  0.006921  0.009561  0.007504   0.04247        14       416    0.5759    0.9114    0.8633    0.6507   0.01451  0.008108   0.01224
   219/299     2.07G   0.01731  0.007222  0.007777  0.006899    0.0392        14       416    0.5741    0.9377    0.8744    0.6601   0.01456  0.008182   0.01221
   220/299     2.07G   0.01825   0.00681  0.008015  0.006623   0.03969        34       416    0.6246    0.9356    0.8884    0.6753   0.01482  0.008166   0.01226
   221/299     2.07G   0.01697  0.006728  0.007243  0.006076   0.03702        24       416    0.6353    0.9347    0.8917    0.6769   0.01474  0.008021   0.01213
   222/299     2.07G   0.01699  0.006786  0.008417  0.007002    0.0392        15       416    0.6184    0.8994    0.8722    0.6563   0.01446  0.008148   0.01256
   223/299     2.07G   0.01829  0.007077   0.00956  0.006889   0.04182        14       416    0.6194    0.8989    0.8728    0.6571   0.01474  0.008065   0.01207
   224/299     2.07G   0.01735  0.007184  0.008378  0.006851   0.03977        17       416    0.6161    0.9358    0.9064    0.6814    0.0148  0.008062   0.01236
   225/299     2.07G   0.01689  0.006732  0.008545  0.005983   0.03815        16       416    0.6137    0.9283    0.8897      0.67   0.01465  0.008192    0.0128
   226/299     2.07G    0.0172  0.007373  0.008977  0.006552    0.0401        27       416     0.637    0.9316    0.9002    0.6772    0.0148  0.008169    0.0122
   227/299     2.07G   0.01837  0.006892  0.008593  0.006711   0.04057        11       416    0.6321    0.9378    0.9026    0.6811   0.01434  0.008206   0.01192
   228/299     2.07G   0.01641  0.006845  0.007048  0.006036   0.03634        15       416    0.6256    0.9403    0.9013      0.67   0.01443  0.008124   0.01183
   229/299     2.07G    0.0172  0.006743  0.007231   0.00603   0.03721        24       416    0.6166    0.9456    0.9036     0.677   0.01476  0.007964   0.01205
   230/299     2.07G   0.01675  0.006617  0.007148     0.006   0.03652        19       416    0.6088    0.9391    0.8846    0.6651   0.01518  0.007978   0.01263
   231/299     2.07G   0.01709  0.007078  0.008255  0.006852   0.03928        19       416     0.637    0.9342    0.9002    0.6717   0.01467  0.008093   0.01149
   232/299     2.07G   0.01716  0.006885  0.008962   0.00691   0.03992        14       416    0.6255    0.9423    0.9021    0.6775   0.01458  0.007903   0.01141
   233/299     2.07G   0.01678   0.00684    0.0074  0.006229   0.03725        18       416    0.6009    0.9356    0.9052    0.6774   0.01466  0.007903   0.01247
   234/299     2.07G   0.01766  0.007119  0.009358  0.007166   0.04131        24       416    0.6014    0.9387    0.8953    0.6716   0.01427  0.007994   0.01244
   235/299     2.07G   0.01672  0.006914  0.007911    0.0062   0.03774        11       416    0.6308    0.9343    0.8983    0.6783   0.01446  0.008071   0.01228
   236/299     2.07G   0.01658  0.006962  0.007198  0.006183   0.03693        18       416    0.6323    0.9359    0.9198    0.6961   0.01489  0.008149   0.01215
   237/299     2.07G   0.01695  0.006731  0.007774  0.006124   0.03758        19       416    0.6419    0.9376    0.9175    0.6836   0.01444  0.008123   0.01244
   238/299     2.07G   0.01639  0.006764  0.007812  0.006083   0.03705        22       416    0.6285    0.9367    0.8949    0.6663   0.01489  0.008146   0.01208
   239/299     2.07G   0.01628  0.006774  0.007524  0.006036   0.03661        15       416    0.6279    0.9408    0.9052    0.6849   0.01472  0.008197   0.01206
   240/299     2.07G   0.01662  0.006506  0.008385  0.006398   0.03791        14       416    0.6351    0.9358    0.9234    0.7005   0.01441  0.008143   0.01226
   241/299     2.07G   0.01669  0.006633  0.008111  0.006055   0.03749        19       416    0.6409    0.9334    0.9238    0.6989   0.01437  0.008133   0.01197
   242/299     2.07G   0.01607  0.006713  0.006883  0.005402   0.03506        12       416    0.6408    0.9326    0.9038    0.6776   0.01441  0.008096   0.01222
   243/299     2.07G   0.01589  0.006492  0.006727  0.005429   0.03454        18       416    0.6449    0.9379    0.8988    0.6912    0.0145  0.008037   0.01186
   244/299     2.07G   0.01627  0.006985  0.007519  0.006091   0.03686        15       416    0.6142    0.9343     0.894    0.6751   0.01415  0.007898   0.01189
   245/299     2.07G   0.01727  0.006788  0.009212  0.006617   0.03989        16       416    0.6429    0.9359    0.8998     0.693   0.01414  0.008033    0.0115
   246/299     2.07G   0.01674  0.006863  0.007492  0.006304    0.0374        15       416    0.6478    0.9366     0.903    0.6822    0.0144  0.008224   0.01184
   247/299     2.07G   0.01582  0.006899  0.007654   0.00623    0.0366        20       416    0.6129    0.9412    0.9015    0.6829    0.0143   0.00813   0.01215
   248/299     2.07G   0.01726  0.006562   0.00894  0.006009   0.03877        16       416     0.635     0.943    0.9013    0.6881   0.01414  0.008104   0.01186
   249/299     2.07G   0.01628  0.006561  0.007936  0.005646   0.03643        14       416    0.6231    0.9425    0.9063    0.6874   0.01409  0.008093   0.01147
   250/299     2.07G   0.01736  0.006617  0.008346  0.006153   0.03848        19       416    0.6253    0.9298    0.8963    0.6944   0.01416  0.008146   0.01169
   251/299     2.07G   0.01654  0.006875  0.008009  0.005964   0.03739        20       416    0.6358    0.9383     0.897    0.6754   0.01438  0.008067   0.01158
   252/299     2.07G   0.01586  0.006614  0.009955  0.005941   0.03837        18       416    0.6337    0.9398    0.8976    0.6752     0.014  0.008043   0.01167
   253/299     2.07G   0.01573  0.006781  0.007853  0.005544   0.03591        11       416    0.6373    0.9361    0.9012    0.6955   0.01385  0.007928   0.01192
   254/299     2.07G   0.01548  0.006643  0.006694  0.005958   0.03477        17       416    0.6378    0.9331    0.9025    0.6905   0.01378  0.007895   0.01173
   255/299     2.07G   0.01543  0.006386  0.006298  0.005635   0.03375        15       416    0.6279    0.9357    0.8987    0.6884   0.01424  0.007973   0.01189
   256/299     2.07G   0.01548  0.006748  0.007096  0.005521   0.03484        23       416     0.639     0.935    0.8961     0.679   0.01429  0.007985   0.01223
   257/299     2.07G   0.01676  0.006931   0.00806  0.005994   0.03774        17       416    0.6453    0.9303    0.9004    0.6847   0.01401  0.007999   0.01191
   258/299     2.07G    0.0153  0.006354  0.007461  0.005363   0.03447        13       416    0.6297    0.9394    0.9071    0.6884   0.01417  0.007956   0.01223
   259/299     2.07G   0.01712  0.006541  0.009399  0.006433   0.03949        14       416     0.633    0.9388    0.9053    0.6824   0.01452  0.007969   0.01184
   260/299     2.07G   0.01659  0.006515  0.007515  0.005937   0.03655        16       416    0.6213    0.9386    0.9064    0.6914   0.01417  0.007885   0.01223
   261/299     2.07G   0.01462  0.006377  0.005992  0.005366   0.03236        16       416    0.6335    0.9327    0.9007    0.6887   0.01437  0.007926   0.01269
   262/299     2.07G   0.01655  0.006524  0.007978  0.005451   0.03651        21       416    0.6377    0.9323    0.9089    0.7044   0.01407   0.00796   0.01214
   263/299     2.07G   0.01569   0.00669  0.005425  0.005517   0.03332        16       416    0.6361    0.9301    0.9048    0.6914   0.01413  0.008094   0.01194
   264/299     2.07G   0.01614  0.006922  0.008843   0.00569    0.0376        14       416     0.627    0.9367    0.9105    0.6983   0.01412  0.007925   0.01164
   265/299     2.07G   0.01532  0.006426  0.008328  0.005425    0.0355        13       416     0.631    0.9439    0.9275    0.7158    0.0139  0.007913   0.01149
   266/299     2.07G   0.01688  0.006638  0.008136  0.006321   0.03798        20       416    0.6174    0.9271    0.8956     0.683   0.01411  0.007851   0.01195
   267/299     2.07G   0.01624  0.006263  0.006478  0.005909   0.03489        17       416    0.6345    0.9254    0.8942    0.6774   0.01446   0.00802   0.01229
   268/299     2.07G   0.01614  0.006416  0.007619  0.006141   0.03632        16       416    0.6361    0.9267    0.8962    0.6883   0.01414  0.008034   0.01245
   269/299     2.07G   0.01733  0.006643  0.009564  0.006346   0.03989        18       416     0.639    0.9291    0.8985    0.6853    0.0141  0.008062   0.01266
   270/299     2.07G   0.01592  0.006941  0.006396  0.005762   0.03502        21       416    0.6368    0.9379    0.8951    0.6815   0.01413  0.008032   0.01224
   271/299     2.07G   0.01491   0.00643  0.006316  0.005527   0.03318        15       416    0.6301    0.9409    0.8921    0.6764   0.01389   0.00795   0.01236
   272/299     2.07G   0.01449  0.006379  0.005434   0.00474   0.03104        22       416    0.6145    0.9387    0.8954    0.6799   0.01409  0.007832   0.01193
   273/299     2.07G    0.0154  0.006648  0.006641  0.005598   0.03428        12       416    0.6124    0.9342    0.9184    0.6961   0.01392  0.007877   0.01191
   274/299     2.07G   0.01682  0.006671  0.008795   0.00634   0.03862        16       416     0.623    0.9308    0.8964    0.6835   0.01386  0.007933   0.01232
   275/299     2.07G   0.01578  0.006351  0.006583  0.006033   0.03474        14       416    0.6272    0.9303    0.8967    0.6868   0.01415  0.007971   0.01191
   276/299     2.07G   0.01627  0.006708  0.008251  0.005964    0.0372        16       416    0.6381    0.9269    0.8984    0.6857   0.01417  0.008036   0.01207
   277/299     2.07G   0.01619  0.006688  0.007512  0.006132   0.03653        17       416    0.6321    0.9245    0.8958    0.6769   0.01417  0.008089   0.01221
   278/299     2.07G   0.01664  0.006457   0.00648  0.006236   0.03581        12       416    0.6215    0.9308    0.9001    0.6701   0.01469   0.00806   0.01182
   279/299     2.07G   0.01615   0.00644   0.00864  0.006079   0.03731        15       416    0.6385    0.9308    0.9017    0.6918   0.01415  0.007982   0.01199
   280/299     2.07G   0.01573  0.006389  0.006798  0.005755   0.03467        17       416    0.6353    0.9299    0.9005    0.6878   0.01384  0.007939   0.01218
   281/299     2.07G     0.016  0.006608  0.007415  0.005886   0.03591        20       416    0.6296    0.9274    0.8915     0.677   0.01388  0.007944    0.0124
   282/299     2.07G   0.01511  0.006744  0.007174  0.005512   0.03454        18       416    0.6177    0.9341    0.8942    0.6886   0.01378  0.007869   0.01213
   283/299     2.07G   0.01433  0.006575  0.005179  0.004897   0.03098        15       416    0.6187    0.9335    0.8895    0.6779   0.01396  0.007949   0.01239
   284/299     2.07G   0.01602   0.00668  0.007565  0.005661   0.03592        23       416     0.623    0.9317    0.8945    0.6841   0.01406  0.007905   0.01191
   285/299     2.07G   0.01501  0.006218  0.005643  0.005017   0.03189        24       416    0.6304    0.9364    0.8985    0.6854    0.0139  0.007942    0.0116
   286/299     2.07G   0.01589   0.00641  0.005959  0.005329   0.03359        16       416    0.6167    0.9323    0.8914    0.6828   0.01389   0.00796   0.01205
   287/299     2.07G   0.01569  0.006912  0.007762  0.005919   0.03628        15       416    0.6379    0.9409    0.8985    0.6883   0.01379  0.007893   0.01201
   288/299     2.07G   0.01658  0.006462   0.00782  0.005944   0.03681        15       416    0.6408    0.9387    0.8964    0.6929   0.01385  0.007942   0.01218
   289/299     2.07G   0.01488  0.006481  0.006168   0.00521   0.03274        26       416    0.6408    0.9334    0.8984    0.6947   0.01365  0.007858   0.01178
   290/299     2.07G   0.01623  0.006732  0.007898  0.005687   0.03655        13       416    0.6379    0.9349    0.8962    0.6773   0.01371  0.007859   0.01199
   291/299     2.07G   0.01561  0.006624  0.005981   0.00539    0.0336        13       416    0.6316    0.9389    0.8986    0.6821   0.01373  0.007975   0.01242
   292/299     2.07G   0.01513  0.006102  0.007932  0.005437    0.0346         8       416    0.6296    0.9406    0.9026    0.6757   0.01385  0.008066   0.01195
   293/299     2.07G   0.01588  0.006646  0.008201  0.005876    0.0366        17       416    0.6377    0.9418    0.9015    0.6805   0.01369  0.008019   0.01157
   294/299     2.07G   0.01534   0.00635  0.007073  0.005024   0.03378        20       416    0.6198    0.9351    0.8949    0.6785    0.0141   0.00792    0.0115
   295/299     2.07G   0.01534   0.00653  0.006346  0.005238   0.03345        13       416    0.6393    0.9344    0.8982    0.6824   0.01359  0.007877   0.01143
   296/299     2.07G   0.01544  0.006305  0.006729  0.005191   0.03366        16       416    0.6466    0.9351    0.8993     0.695    0.0136  0.008011   0.01194
   297/299     2.07G   0.01492  0.006337  0.006927  0.005344   0.03353        15       416    0.6475    0.9316    0.9041    0.6894   0.01351  0.008052   0.01119
   298/299     2.07G   0.01532  0.006634  0.006327  0.005795   0.03407        16       416    0.6278    0.9302    0.8995    0.6914   0.01362  0.007909   0.01136
   299/299     2.07G   0.01558  0.006797  0.006404  0.005556   0.03434        22       416    0.6358    0.9211     0.892    0.6753   0.01368   0.00787   0.01214
