     0/599      2.2G    0.1104   0.03017   0.08335    0.2307    0.4547        15       640         0         0 1.423e-06 3.396e-07   0.09858   0.02497   0.08186
     1/599     2.24G     0.103    0.0222   0.08154    0.2206    0.4274        16       640         0         0 2.747e-06 4.517e-07    0.1001   0.02004   0.08924
     2/599     2.64G    0.1018   0.01937   0.07733    0.1553    0.3538        25       640  2.21e-06  0.007227 7.394e-05 9.788e-06    0.1088   0.01959     0.111
     3/599     2.67G   0.09143   0.02033   0.07166   0.09287    0.2763        12       640 0.0002487   0.02554  0.001094 0.0001993     0.088   0.02395   0.07478
     4/599     3.53G   0.08593   0.01929   0.06755   0.06997    0.2427        10       640 1.331e-05   0.01174  0.002967 0.0008237   0.08273   0.02035   0.06848
     5/599     3.55G   0.08406   0.01915   0.06739   0.06535     0.236        11       640 3.422e-05   0.02529  0.005197  0.000998   0.07972   0.01933   0.06823
     6/599     3.57G   0.08213    0.0194   0.06695   0.05725    0.2257        12       640 2.217e-06   0.00271 0.0003407 6.833e-05   0.07698   0.02372   0.06753
     7/599      5.3G   0.08488   0.01803   0.06695   0.05496    0.2248        28       640 3.996e-05   0.02258   0.01066  0.003454   0.07895   0.01572   0.06633
     8/599      5.3G   0.07772   0.01819     0.066   0.04988    0.2118        23       640   0.01447   0.03444   0.01539  0.004407   0.06776   0.01775   0.06617
     9/599      5.3G   0.07435    0.0178    0.0663   0.04699    0.2054        13       640   0.01419   0.03005   0.02693  0.008603   0.06603   0.01536   0.06596
    10/599      5.3G   0.07037   0.01702   0.06532   0.04447    0.1972        23       640   0.03605   0.02025   0.03408   0.01091   0.05694   0.01482   0.06577
    11/599      5.3G    0.0658    0.0161   0.06656   0.04227    0.1907        14       640    0.0265   0.01279   0.03586  0.008914   0.06143   0.01366   0.06523
    12/599      5.3G   0.06588   0.01515   0.06587   0.04095    0.1878        17       640   0.07447   0.05376    0.0558   0.02614   0.05615   0.01327   0.06414
    13/599      5.3G   0.05981   0.01495   0.06454   0.04085    0.1801        17       640   0.06746    0.0525    0.0578   0.02375   0.04716   0.01301   0.06405
    14/599      5.3G   0.05533     0.014   0.06376   0.03901    0.1721        19       640   0.05748   0.04928   0.05834   0.02568   0.04461   0.01184   0.06373
    15/599      5.3G   0.05622   0.01415   0.06521   0.03927    0.1748        13       640   0.05953    0.1033   0.07594   0.03185    0.0416   0.01152   0.06379
    16/599     5.32G   0.05653   0.01325   0.06576   0.03744     0.173        13       640   0.05023   0.06558   0.07027   0.02614   0.04561   0.01074   0.06428
    17/599     5.34G   0.05003   0.01349   0.06433   0.03482    0.1627        14       640   0.05053    0.1265   0.08518   0.03706   0.04607   0.01119   0.06405
    18/599     5.36G   0.05142   0.01343   0.06388   0.03373    0.1625        16       640   0.06184   0.09076   0.06958   0.03017   0.04171   0.01065   0.06404
    19/599     5.38G   0.05127   0.01316   0.06468   0.03247    0.1616        15       640   0.03519   0.08843   0.07112   0.02425    0.0441   0.01047   0.06385
    20/599      5.4G   0.05059   0.01314   0.06413   0.03158    0.1594        11       640   0.07846   0.07564    0.0884   0.03914   0.04383   0.01013   0.06374
    21/599     5.42G   0.04761   0.01331   0.06335   0.03005    0.1543        18       640   0.06143    0.1407    0.1025   0.04771   0.03913   0.01049   0.06322
    22/599     5.44G   0.04844   0.01236   0.06561   0.03022    0.1566        22       640    0.0638    0.1269    0.1129   0.06125   0.03739   0.01001    0.0632
    23/599     5.46G   0.04622   0.01206   0.06243   0.02793    0.1486         7       640    0.1458    0.1662     0.132   0.07178   0.03613  0.009979   0.06295
    24/599     5.48G   0.04684   0.01199   0.06405   0.02759    0.1505        15       640    0.1339    0.1468     0.144   0.07373   0.03431  0.009702   0.06275
    25/599     5.48G   0.04495   0.01224   0.06317    0.0256     0.146        14       640    0.1659     0.169    0.1832   0.08508   0.03459  0.009491   0.06272
    26/599     5.48G   0.04562   0.01187   0.06305   0.02473    0.1453        11       640    0.1417    0.1458    0.1615   0.06827   0.03989  0.009302   0.06264
    27/599     5.48G   0.04332   0.01125    0.0632   0.02399    0.1418        19       640    0.1173    0.2175     0.187   0.09335   0.03239  0.009204   0.06246
    28/599     5.48G   0.04276   0.01106   0.06367   0.02356     0.141        17       640    0.1231    0.1674    0.1752   0.08221   0.03253     0.009   0.06222
    29/599     5.48G   0.04326   0.01101   0.06235   0.02249    0.1391        12       640    0.1449    0.1892    0.1672   0.07684   0.03428  0.009011   0.06185
    30/599     5.48G    0.0407   0.01129    0.0634    0.0226     0.138        17       640    0.2188     0.241    0.2368    0.1201   0.03252  0.008974   0.06185
    31/599     5.48G   0.04249   0.01092   0.06098   0.02051    0.1349        14       640    0.1309    0.2041    0.1726   0.09254   0.03423  0.009018   0.06125
    32/599     5.48G   0.04197   0.01067   0.06216   0.02114    0.1359        13       640   0.08732    0.2582    0.1666    0.0896   0.03161  0.009835   0.06141
    33/599     5.48G    0.0399   0.01129   0.06152   0.02137    0.1341        12       640    0.1113    0.2252    0.1909    0.1036   0.03357   0.00896   0.06075
    34/599     5.48G   0.04042   0.01063   0.06086   0.02057    0.1325        25       640    0.1147    0.3272    0.1866    0.1075   0.03049  0.009038   0.06044
    35/599     5.48G   0.04001   0.01095   0.06083   0.01963    0.1314        15       640    0.1392    0.3146    0.1819    0.1043   0.02828  0.008605   0.06053
    36/599     5.48G   0.03912   0.01002   0.06131   0.01988    0.1303        15       640    0.1134    0.2961    0.1742    0.0926   0.03021  0.008421   0.06045
    37/599     5.48G   0.03926   0.01019   0.06203   0.01894    0.1304         9       640     0.114    0.3359    0.1725    0.1029   0.02857  0.008312   0.06003
    38/599     5.48G   0.03667   0.01027   0.06013   0.01978    0.1268        15       640    0.1171     0.315     0.179    0.1106   0.02969  0.008231   0.06013
    39/599     5.48G   0.03852   0.01028   0.06055   0.01905    0.1284        14       640     0.109    0.3228    0.1869   0.09839   0.03035  0.008209   0.05952
    40/599     5.48G   0.03568   0.01007    0.0591   0.01817     0.123        15       640    0.1116    0.3564    0.1772    0.1012   0.02743   0.00831   0.05955
    41/599     5.48G   0.03702   0.01009   0.05951   0.01867    0.1253        34       640    0.1025    0.3628    0.1749       0.1   0.02957  0.008179   0.05919
    42/599     5.48G   0.03746   0.01006   0.05986   0.01792    0.1253        14       640    0.1039    0.3734    0.1844    0.1055   0.02972  0.008427   0.05927
    43/599     5.48G   0.03989   0.01048      0.06   0.01841    0.1288        13       640    0.1055    0.3163    0.1825    0.1021   0.02921  0.008232   0.05936
    44/599     5.48G    0.0357  0.009898    0.0582   0.01771    0.1215        15       640    0.1184    0.3869     0.191    0.1078     0.025  0.008179   0.05902
    45/599     5.48G   0.03625  0.009914   0.05844   0.01665    0.1213        19       640    0.1074    0.3548    0.1797   0.09927   0.02906  0.008067   0.05877
    46/599     5.48G   0.03465   0.01035   0.05994   0.01844    0.1234        22       640    0.1191    0.4062    0.1981    0.1269   0.02572  0.008128   0.05857
    47/599     5.48G   0.03764   0.01048   0.05916    0.0179    0.1252        19       640    0.1265    0.3634    0.1984    0.1177   0.02821  0.007978   0.05834
    48/599     5.48G    0.0373  0.009952   0.05846   0.01815    0.1239        16       640    0.1021    0.3626    0.1652   0.08656   0.02806  0.007919   0.05819
    49/599     5.48G   0.03504  0.009653   0.05852   0.01746    0.1207        14       640    0.1052    0.3571    0.1877      0.11   0.02506   0.00769   0.05787
    50/599     5.48G    0.0355  0.009622   0.05704   0.01586     0.118        14       640    0.1315    0.4322    0.1981     0.105    0.0279  0.007709   0.05741
    51/599     5.48G   0.03668  0.009865   0.05864   0.01621    0.1214        22       640    0.1239    0.3933    0.2006    0.1139   0.02487   0.00759   0.05734
    52/599     5.48G   0.03399  0.009322   0.05842   0.01641    0.1182        19       640    0.1143    0.4193    0.1971    0.1132   0.02671  0.007457   0.05739
    53/599     5.48G    0.0344  0.009227   0.05791   0.01678    0.1183        12       640     0.141    0.4019    0.2113    0.1325   0.02391   0.00761   0.05702
    54/599     5.48G    0.0344  0.009193   0.05776   0.01587    0.1172         9       640    0.1335     0.443    0.2179    0.1289   0.02435  0.007438   0.05665
    55/599     5.48G   0.03439   0.00883   0.05654   0.01518    0.1149        13       640    0.1188    0.4299    0.1912    0.1141   0.02637  0.007561   0.05629
    56/599     5.48G   0.03535  0.009461   0.05697   0.01574    0.1175        14       640     0.132    0.4612    0.2298    0.1475   0.02422  0.007586   0.05629
    57/599     5.48G   0.03235  0.009308   0.05536   0.01489    0.1119        18       640    0.1407    0.4596    0.2336     0.143   0.02344  0.007299     0.056
    58/599     5.48G   0.03258  0.009041   0.05597   0.01478    0.1124        14       640    0.1414    0.4689    0.2309    0.1395   0.02495  0.007375   0.05584
    59/599     5.48G   0.03452  0.008943   0.05661   0.01467    0.1147        19       640    0.1334    0.5254    0.2219    0.1375   0.02423  0.007193   0.05588
    60/599     5.48G   0.03248  0.008999   0.05702   0.01494    0.1134        16       640    0.1339    0.5195    0.2341    0.1366   0.02467  0.007089   0.05525
    61/599     5.48G    0.0329  0.008747     0.056   0.01482    0.1125        15       640    0.1396    0.5013    0.2465    0.1616   0.02326  0.007213   0.05533
    62/599     5.48G   0.03079  0.008696   0.05553   0.01424    0.1093        16       640     0.143    0.5598    0.2568    0.1709   0.02261  0.007118   0.05495
    63/599     5.48G    0.0315  0.008642   0.05467   0.01466    0.1095        13       640    0.1533    0.5859    0.2529     0.156   0.02258   0.00722   0.05477
    64/599     5.48G   0.03321  0.008859    0.0556   0.01383    0.1115         9       640    0.1465     0.549    0.2428    0.1519   0.02307  0.006953   0.05465
    65/599     5.48G   0.03135  0.008872   0.05511   0.01453    0.1099        19       640    0.1367    0.5856    0.2369    0.1399   0.02431  0.006843   0.05491
    66/599     5.48G   0.03119   0.00881   0.05485   0.01428    0.1091        15       640    0.1664    0.6169    0.2722    0.1828   0.02311  0.006969   0.05491
    67/599     5.48G   0.03211  0.008787   0.05582   0.01392    0.1106        20       640    0.1462    0.5569    0.2453    0.1541   0.02435  0.007067   0.05431
    68/599     5.48G   0.02952   0.00849   0.05419   0.01273    0.1049        13       640    0.1469     0.622    0.2531    0.1643   0.02173  0.006689   0.05408
    69/599     5.48G   0.03286  0.008564   0.05487   0.01281    0.1091        13       640    0.1301     0.568    0.2549    0.1463   0.02394  0.007008   0.05383
    70/599     5.48G    0.0315  0.008608   0.05417   0.01294    0.1072        21       640    0.1843    0.6179    0.2946    0.1818   0.02287   0.00675   0.05383
    71/599     5.48G   0.03259  0.008933   0.05345   0.01335    0.1083        18       640    0.1316    0.5975    0.2751    0.1603    0.0225    0.0069   0.05357
    72/599     5.48G   0.03113   0.00869   0.05339   0.01364    0.1069        15       640    0.1837    0.6467    0.2844    0.1872   0.02241  0.006813   0.05345
    73/599     5.48G   0.03031  0.008216   0.05321   0.01279    0.1045        13       640    0.1796     0.649      0.31    0.2046   0.02143  0.006759   0.05295
    74/599     5.48G   0.02928  0.008384   0.05346   0.01285     0.104        19       640    0.1448    0.5795    0.2948    0.1871   0.02103  0.006726   0.05264
    75/599     5.48G    0.0301  0.008431   0.05288   0.01217    0.1036        19       640    0.1919    0.6254    0.2924    0.1896   0.02414  0.006829   0.05256
    76/599     5.48G   0.03096  0.008505   0.05283   0.01213    0.1044        16       640    0.1808    0.6667    0.3293    0.2239   0.02154  0.006802   0.05187
    77/599     5.48G   0.03204  0.008679   0.05316   0.01286    0.1067        19       640    0.1481    0.5984    0.2956    0.1998   0.02159  0.006803   0.05181
    78/599     5.48G   0.03064  0.008184   0.05245   0.01331    0.1046        14       640    0.1362    0.6339    0.3029    0.2088   0.02174  0.006735   0.05169
    79/599     5.48G   0.03063  0.008454    0.0537   0.01334    0.1061        14       640    0.1555    0.5989    0.3002    0.1888    0.0232  0.006831   0.05138
    80/599     5.48G   0.02924  0.008399    0.0527    0.0128    0.1031         9       640    0.1409    0.6025     0.299    0.1869    0.0222  0.006669   0.05131
    81/599     5.48G   0.03001  0.008603   0.05277   0.01262     0.104        17       640    0.1504    0.6103    0.3083    0.2118   0.02074  0.006719   0.05128
    82/599     5.48G   0.03045  0.008454   0.05185   0.01223     0.103        20       640    0.1543    0.6378    0.3105    0.2052   0.02215  0.006672   0.05104
    83/599     5.48G   0.03091  0.008348   0.05244   0.01325     0.105        18       640    0.1778    0.6392    0.3312    0.2118    0.0233  0.007065   0.05079
    84/599     5.48G   0.03062  0.009098   0.05248    0.0141    0.1063        14       640    0.1486    0.5996    0.3056    0.1973   0.02285  0.007435   0.05079
    85/599     5.48G   0.03095  0.009436   0.05276   0.01383     0.107        12       640     0.181    0.6546    0.3358    0.2227    0.0232  0.006723   0.05022
    86/599     5.48G   0.03075  0.008672   0.05279   0.01241    0.1046        16       640     0.151    0.6194    0.3309    0.2153   0.02194  0.006731   0.05042
    87/599     5.48G   0.03007  0.008409   0.05048   0.01286    0.1018        14       640    0.1819    0.6585    0.3593    0.2427   0.02278  0.006641   0.04981
    88/599     5.48G   0.02996  0.008386   0.05081    0.0115    0.1007        13       640    0.1869    0.6781     0.362    0.2412   0.02245  0.006518   0.04975
    89/599     5.48G   0.03171  0.008538   0.05209    0.0123    0.1046        12       640    0.1535    0.6282    0.3112    0.2036   0.02053   0.00648   0.04986
    90/599     5.48G   0.03033  0.008367   0.05159   0.01184    0.1021        12       640    0.1564    0.6181    0.3257    0.2267   0.02013  0.006438   0.04961
    91/599     5.48G   0.03005  0.008363   0.05045   0.01249    0.1014        22       640    0.1485    0.6667    0.3478    0.2273   0.02105  0.006699   0.04963
    92/599     5.48G   0.03025   0.00865   0.05073   0.01307    0.1027        18       640    0.1952    0.6514    0.3542    0.2273   0.02259  0.006725   0.04953
    93/599     5.48G   0.02974  0.008616   0.05066   0.01208    0.1011        19       640     0.191    0.7119    0.3623    0.2417   0.02183  0.006522   0.04914
    94/599     5.48G   0.02927  0.008171   0.05022   0.01393    0.1016        12       640    0.1936    0.6855    0.3768    0.2552   0.02172  0.006766   0.04975
    95/599     5.48G   0.02915  0.008863   0.05054   0.01291    0.1015        18       640    0.1599    0.6957    0.3629    0.2484   0.02071  0.006659   0.04873
    96/599     5.48G   0.02949  0.008276   0.05068   0.01242    0.1009        11       640    0.1894    0.7198    0.3753    0.2618   0.01953  0.006525   0.04818
    97/599     5.48G   0.02929  0.008601    0.0491   0.01151   0.09849        17       640    0.1652    0.6593    0.3559    0.2405   0.02013    0.0065   0.04851
    98/599     5.48G   0.02938  0.008257   0.04987   0.01179   0.09931        17       640    0.1554    0.6461    0.3496     0.229   0.02066  0.006453   0.04846
    99/599     5.48G   0.03032  0.008024   0.05004   0.01158   0.09996        12       640    0.1591    0.6874    0.3619    0.2532   0.02078   0.00641   0.04852
   100/599     5.48G   0.02779  0.007998   0.04905   0.01104   0.09587        11       640    0.2005    0.7234     0.391    0.2647   0.01897  0.006245   0.04785
   101/599     5.48G    0.0292  0.007749   0.04902   0.01114   0.09711        20       640    0.1999    0.7289    0.4027    0.2809   0.02047  0.006149   0.04762
   102/599     5.48G   0.02765  0.007806   0.04878   0.01046   0.09471        16       640    0.1626    0.7038    0.3869    0.2601   0.01946  0.006267   0.04758
   103/599     5.48G   0.02791  0.008206    0.0476     0.011   0.09472        16       640    0.1639    0.6638    0.3846     0.231    0.0191  0.006188   0.04787
   104/599     5.48G   0.02713  0.008018   0.04849   0.01068   0.09431        17       640    0.1623     0.665    0.3831    0.2602   0.01879  0.006088   0.04751
   105/599     5.48G   0.02739  0.007723   0.04753   0.01142   0.09407        14       640    0.1585    0.6633     0.378     0.247   0.01983  0.006156   0.04735
   106/599     5.48G   0.02939  0.007904   0.04922   0.01124   0.09776        13       640    0.1705    0.6941     0.385    0.2502   0.01998  0.006213   0.04711
   107/599     5.48G   0.02857  0.008131   0.04846   0.01165   0.09681        20       640    0.1649     0.667    0.3822    0.2479   0.01958  0.006267   0.04693
   108/599     5.48G   0.02813  0.007915   0.04779   0.01117     0.095        12       640    0.2115    0.7209    0.4069    0.2903   0.01997  0.006188   0.04705
   109/599     5.48G   0.02798    0.0077    0.0479   0.01076   0.09433        11       640    0.1676    0.6528    0.3945    0.2749   0.01888  0.006205   0.04764
   110/599     5.48G    0.0283  0.007973   0.04738   0.01059   0.09424        17       640    0.1588    0.6628    0.3907    0.2637   0.01988  0.006171   0.04677
   111/599     5.48G   0.02828  0.008056   0.04824   0.01077   0.09534        12       640    0.1664    0.6593    0.3894    0.2588   0.01908  0.006094   0.04685
   112/599     5.48G   0.02754  0.007775   0.04758    0.0105    0.0934        16       640    0.1718    0.6666    0.3936    0.2738   0.01867  0.006278   0.04656
   113/599     5.48G   0.02746  0.007905    0.0488   0.01088   0.09505        19       640    0.1713     0.698    0.3949    0.2776   0.01845   0.00619   0.04622
   114/599     5.48G   0.02697  0.007803   0.04679   0.01065   0.09222        20       640    0.1762    0.6947    0.3989    0.2811   0.01875  0.006212   0.04653
   115/599     5.48G   0.02611   0.00748    0.0458   0.01056   0.08996        17       640    0.1697    0.6647    0.4032    0.2636   0.01966  0.006043   0.04665
   116/599     5.48G   0.02642  0.007746   0.04823    0.0111   0.09348        16       640    0.1665    0.7118     0.416    0.2877   0.01817  0.005932   0.04627
   117/599     5.48G   0.02581  0.007461   0.04783   0.01085   0.09196        22       640    0.1699    0.7188      0.41    0.2733   0.01939  0.005966   0.04576
   118/599     5.48G   0.02933  0.007538   0.04783   0.01106   0.09576        24       640     0.157    0.7035    0.3968    0.2735   0.01866  0.006079   0.04629
   119/599     5.48G   0.02709  0.007925   0.04747   0.01074   0.09323        17       640    0.1783    0.6961    0.4141    0.2593   0.01944  0.006026   0.04585
   120/599     5.48G   0.02807  0.007575   0.04812    0.0106   0.09437        14       640    0.1728    0.7141    0.4153    0.2912   0.01838   0.00589   0.04562
   121/599     5.48G   0.02662  0.007611   0.04534   0.01026   0.08984        19       640     0.201    0.7128    0.4292     0.281   0.01956  0.005957   0.04542
   122/599     5.48G   0.02626  0.007231    0.0464   0.01013   0.09002         9       640    0.1778     0.708     0.411    0.2919   0.01869  0.005902   0.04535
   123/599     5.48G   0.02744  0.007645    0.0471   0.01056   0.09274        22       640    0.1763    0.7169    0.4106    0.2908   0.01865  0.006004   0.04527
   124/599     5.48G   0.02653  0.007677   0.04649   0.01024   0.09093        15       640    0.2274    0.7711    0.4346     0.295   0.01898  0.005926   0.04476
   125/599     5.48G   0.02771  0.007522   0.04801   0.01082   0.09406        20       640    0.1964    0.7279    0.4376    0.3102   0.01846  0.005939   0.04477
   126/599     5.48G    0.0267  0.007479   0.04558  0.009876   0.08964        13       640    0.2277    0.7718    0.4807    0.3355      0.02  0.005823   0.04475
   127/599     5.48G   0.02739  0.007738   0.04634  0.009943   0.09141        11       640    0.2295     0.774    0.5045    0.3548    0.0194  0.005925   0.04426
   128/599     5.48G   0.02692  0.007512   0.04511  0.009262   0.08881        20       640    0.1976    0.7615    0.4642    0.3464   0.01769  0.005884   0.04432
   129/599     5.48G   0.02446  0.007481   0.04583  0.009915   0.08768        13       640    0.1978    0.7346     0.471    0.3473    0.0172  0.005714   0.04413
   130/599     5.48G   0.02545  0.007214   0.04505  0.009539   0.08725         8       640    0.1906    0.7388    0.4763    0.3406   0.01796  0.005814   0.04407
   131/599     5.48G   0.02625  0.007284   0.04439   0.01047   0.08839        11       640    0.2301    0.7756    0.5121    0.3424   0.01869   0.00595   0.04419
   132/599     5.48G   0.02653  0.007358   0.04711   0.01034   0.09133        22       640    0.2242    0.7456    0.5211    0.3693   0.01904  0.006127   0.04412
   133/599     5.48G   0.02544  0.007377   0.04554   0.01092   0.08927        18       640    0.2458    0.7586    0.4842    0.3137   0.01904  0.006085   0.04388
   134/599     5.48G   0.02581  0.007084   0.04574   0.01016    0.0888        30       640    0.1815    0.7374    0.4834    0.3406   0.01975  0.005856    0.0438
   135/599     5.48G   0.02666  0.007482   0.04422   0.01013   0.08849        13       640     0.188    0.7448    0.5285    0.3919    0.0178  0.005706   0.04365
   136/599     5.48G   0.02522  0.007426   0.04483  0.009791   0.08727        18       640    0.1879    0.7327    0.5062    0.3692   0.01728   0.00585   0.04337
   137/599     5.48G   0.02537  0.007175   0.04261   0.01029   0.08545        12       640    0.2013     0.733    0.5021    0.3513   0.01838  0.005831   0.04296
   138/599     5.48G   0.02665  0.007396   0.04471   0.01057   0.08933        14       640    0.1864    0.7403    0.4965    0.3541   0.01845  0.005838   0.04281
   139/599     5.48G   0.02697  0.007464   0.04455   0.00932   0.08831        11       640     0.187    0.7509    0.5298    0.3789   0.01789  0.005762    0.0419
   140/599     5.48G   0.02647  0.007596   0.04325  0.009498   0.08682        23       640    0.2006    0.7529    0.5226    0.3697   0.01812  0.005901   0.04179
   141/599     5.48G   0.02521  0.007169   0.04279  0.009505   0.08467        19       640    0.2239    0.7891    0.5641    0.4059   0.01762  0.005839   0.04107
   142/599     5.48G   0.02626  0.007324   0.04267  0.009294   0.08555        16       640    0.1933    0.7491    0.5556    0.3933   0.01796  0.005781   0.04102
   143/599     5.48G    0.0257  0.007255   0.04005  0.008779   0.08178        16       640    0.2056    0.7414    0.5595    0.4023    0.0176  0.005732   0.04039
   144/599     5.48G   0.02612  0.007297   0.03961  0.008973     0.082        11       640    0.1909    0.7486    0.5419    0.3939   0.01825  0.005818      0.04
   145/599     5.48G   0.02623  0.007085    0.0419   0.01008    0.0853        12       640    0.2148    0.7797    0.5635    0.4067   0.01868  0.005882    0.0399
   146/599     5.48G   0.02699  0.007444    0.0409  0.009596   0.08493        12       640    0.1925      0.79    0.5472    0.3762   0.01898  0.005794   0.03944
   147/599     5.48G   0.02614   0.00751   0.04028  0.009105   0.08303        20       640       0.2     0.762    0.5817    0.4276   0.01736  0.005693    0.0388
   148/599     5.48G   0.02578   0.00723   0.04007  0.009245   0.08233        19       640    0.1956    0.7843    0.5833    0.4146   0.01768  0.005706   0.03862
   149/599     5.48G    0.0278  0.007425   0.04106   0.01012    0.0864        23       640    0.1755    0.7629    0.5385    0.3767   0.02008  0.005927   0.03814
   150/599     5.48G    0.0274  0.007386   0.04071  0.009772   0.08527        16       640    0.2015    0.7114    0.5582    0.4111   0.01832  0.006064   0.03809
   151/599     5.48G   0.02685  0.007292   0.03913  0.009432   0.08271        17       640    0.2167    0.7458    0.5778    0.4129   0.01888  0.006066   0.03843
   152/599     5.48G   0.02621  0.007125   0.03861  0.009342   0.08128        15       640    0.2049    0.7795     0.573    0.4153   0.01871  0.005807   0.03789
   153/599     5.48G   0.02782  0.007475   0.03917   0.00993    0.0844        17       640    0.2427    0.8243    0.6143    0.4602    0.0178   0.00574   0.03686
   154/599     5.48G   0.02764  0.007273    0.0394  0.009403   0.08372        18       640    0.2091    0.7653    0.5982    0.4312   0.01937  0.005952   0.03686
   155/599     5.48G   0.02763  0.007228   0.03859  0.009378   0.08283        17       640    0.2456    0.8157    0.6233    0.4613   0.01848  0.005804   0.03614
   156/599     5.48G   0.02665  0.007386   0.03695  0.009759   0.08074        16       640    0.2137    0.7954    0.5948    0.4318   0.01869  0.005879   0.03583
   157/599     5.48G   0.02738  0.007388   0.03622  0.008996   0.07998        13       640    0.2506    0.8409    0.6134    0.4445   0.01847  0.005661   0.03564
   158/599     5.48G   0.02691   0.00722    0.0364  0.009052   0.07959        10       640    0.2547    0.8329    0.6266    0.4523   0.01836  0.005846   0.03532
   159/599     5.48G   0.02591  0.007383   0.03597  0.008656   0.07791        20       640    0.2416    0.8343    0.6145    0.4691   0.01726  0.005626   0.03511
   160/599     5.48G   0.02651  0.007148    0.0362  0.008858   0.07872        17       640    0.2571     0.846    0.6334    0.4487   0.01789  0.005694   0.03464
   161/599     5.48G   0.02642   0.00705   0.03492  0.009248   0.07764        13       640    0.2227    0.7918    0.6494    0.4806   0.01752  0.005648   0.03394
   162/599     5.48G   0.02687  0.007246   0.03359  0.008916   0.07662        19       640    0.2227    0.8014    0.6547    0.4883   0.01782   0.00559   0.03346
   163/599     5.48G   0.02731   0.00724   0.03332  0.009027   0.07689         9       640    0.2622    0.8516    0.6455    0.4773   0.01871  0.005583   0.03379
   164/599     5.48G   0.02598  0.007074   0.03216  0.008893   0.07411        11       640    0.2692    0.8588    0.6639    0.4737   0.01912  0.005622   0.03274
   165/599     5.48G   0.02625  0.007149   0.03364  0.009191   0.07623        13       640      0.22    0.8213    0.6316     0.455   0.01795  0.005533   0.03233
   166/599     5.48G   0.02527  0.007089   0.03242  0.009177   0.07396        14       640    0.2562    0.8416    0.6718     0.506    0.0176    0.0056   0.03178
   167/599     5.48G   0.02566  0.007018   0.03315  0.008583   0.07442        19       640    0.2718     0.846    0.6655    0.4807   0.01845  0.005549   0.03198
   168/599     5.48G   0.02536  0.006998   0.03287  0.009186   0.07441        14       640    0.2741    0.8627    0.6823    0.5137   0.01711  0.005528   0.03143
   169/599     5.48G   0.02777  0.007185   0.03326  0.008702   0.07692        18       640    0.2384    0.8227    0.6533    0.4805   0.01774  0.005578   0.03157
   170/599     5.48G   0.02599  0.007114   0.03161  0.009242   0.07396        15       640    0.2405    0.8211    0.6592    0.4933   0.01735  0.005537   0.03095
   171/599     5.48G   0.02641  0.007245   0.03162  0.008943   0.07421        16       640    0.2675    0.8488    0.6674    0.4747   0.01811  0.005871   0.03106
   172/599     5.48G   0.02688  0.007236    0.0323  0.009237   0.07565        12       640    0.2262    0.8293    0.6498    0.4704   0.01788  0.005656   0.03039
   173/599     5.48G   0.02648  0.007228   0.03006  0.009374   0.07314        18       640    0.2355    0.8113    0.6523    0.4857    0.0187    0.0056   0.03029
   174/599     5.48G   0.02624  0.007301   0.03171  0.009062    0.0743        15       640    0.2325    0.8264    0.6588    0.5031   0.01716  0.005541   0.02991
   175/599     5.48G   0.02761  0.007287   0.02951  0.008781    0.0732        18       640    0.2497    0.8153    0.6631       0.5   0.01765  0.005631   0.02972
   176/599     5.48G   0.02677  0.007156   0.02964  0.008861   0.07243        15       640    0.2321    0.8299    0.6535    0.4992   0.01748  0.005505   0.02925
   177/599     5.48G   0.02595  0.007062   0.02848  0.008862   0.07035        10       640    0.2575    0.8152    0.6718    0.5016   0.01774  0.005581   0.02957
   178/599     5.48G   0.02735  0.007187   0.02882  0.008143    0.0715        21       640    0.2557    0.8117    0.6643    0.4909    0.0178  0.005583    0.0286
   179/599     5.48G   0.02709  0.007153   0.02975  0.009416   0.07341        12       640     0.249    0.8216    0.6671    0.4989   0.01746  0.005542   0.02836
   180/599     5.48G   0.02518  0.007044   0.02768  0.008978   0.06889        10       640    0.2502    0.8193    0.6849    0.5201   0.01692  0.005733   0.02817
   181/599     5.48G   0.02716  0.007298   0.02885  0.009265   0.07258        27       640    0.3067    0.8645    0.7024    0.5227   0.01726  0.005565   0.02807
   182/599     5.48G   0.02687  0.007107   0.02881  0.008937   0.07172        19       640    0.2592    0.8284    0.6855    0.5133   0.01797  0.005527   0.02733
   183/599     5.48G   0.02698   0.00734   0.02762  0.008501   0.07044        19       640    0.2776     0.841    0.7006    0.5163   0.01835  0.005545   0.02708
   184/599     5.48G   0.02695    0.0074   0.02802  0.009017   0.07139        16       640    0.2891    0.8542    0.7212    0.5451   0.01766  0.005482   0.02676
   185/599     5.48G   0.02651  0.007011    0.0268  0.009287    0.0696        17       640    0.2604    0.8416    0.7122    0.5199   0.01849  0.005672   0.02677
   186/599     5.48G   0.02635  0.007112   0.02712  0.008469   0.06905        15       640    0.2734    0.8306    0.7178    0.5305   0.01763  0.005526   0.02611
   187/599     5.48G   0.02688     0.007   0.02757    0.0085   0.06995        16       640    0.2848    0.8444    0.7253    0.5465   0.01786  0.005593   0.02634
   188/599     5.48G     0.026   0.00701   0.02643  0.008276   0.06772        16       640    0.3002    0.8369    0.7169    0.5425   0.01698  0.005459   0.02579
   189/599     5.48G   0.02641   0.00716   0.02697  0.008469   0.06901        15       640    0.2841    0.8282    0.6877    0.5175   0.01832  0.005692   0.02596
   190/599     5.48G   0.02522  0.007096   0.02625  0.008467   0.06703        12       640    0.2789    0.8355    0.6986    0.5196   0.01692  0.005461   0.02537
   191/599     5.48G   0.02419  0.006945   0.02563  0.008702   0.06546        15       640    0.2755     0.832     0.706    0.5391   0.01715  0.005555   0.02467
   192/599     5.48G    0.0261   0.00709   0.02729   0.00924   0.06971         9       640    0.3382    0.8634    0.7286    0.5561   0.01667   0.00563   0.02537
   193/599     5.48G   0.02581  0.006726   0.02586   0.00838   0.06678        12       640    0.2927    0.8298    0.7327    0.5501   0.01688  0.005363   0.02503
   194/599     5.48G   0.02681  0.006783   0.02535  0.008278   0.06723        13       640    0.2937    0.8402    0.7589    0.5504    0.0181  0.005431   0.02449
   195/599     5.48G   0.02522  0.006928    0.0249   0.00889   0.06594        18       640      0.31     0.841    0.7513    0.5458   0.01737   0.00551   0.02442
   196/599     5.48G   0.02587  0.007057   0.02558  0.008966   0.06748        21       640    0.3561    0.8312    0.7342    0.5654   0.01711  0.005523   0.02477
   197/599     5.48G   0.02599  0.006702   0.02402  0.008813   0.06552        19       640    0.3241    0.8353    0.7136    0.5475   0.01711  0.005417   0.02363
   198/599     5.48G   0.02476  0.006948   0.02517  0.008551   0.06543        10       640    0.3182     0.838    0.7165    0.5458   0.01648  0.005521   0.02391
   199/599     5.48G   0.02541  0.006896   0.02395  0.008041    0.0643        19       640    0.3728    0.8928    0.7607    0.5761   0.01704  0.005497   0.02403
   200/599     5.48G   0.02602  0.006942   0.02411  0.008245   0.06532        17       640      0.32    0.8386    0.7286    0.5494   0.01714   0.00539   0.02353
   201/599     5.48G   0.02531    0.0069   0.02348  0.008445   0.06414        14       640    0.3187     0.826    0.7305    0.5595   0.01691  0.005529   0.02314
   202/599     5.48G   0.02651  0.007034   0.02362  0.008165   0.06533        23       640    0.3265    0.8398    0.7194    0.5421   0.01754   0.00544   0.02309
   203/599     5.48G   0.02533  0.006856   0.02368  0.007966   0.06384        16       640    0.3366    0.8486    0.7234    0.5425   0.01664  0.005447   0.02275
   204/599     5.48G   0.02517  0.006596   0.02295  0.008366   0.06308        13       640    0.3327    0.8347    0.7299      0.55   0.01715  0.005434   0.02267
   205/599     5.48G   0.02493  0.006611   0.02237  0.007549   0.06146        13       640    0.3782    0.8723    0.7734      0.58   0.01735   0.00538   0.02317
   206/599     5.48G   0.02602  0.006995   0.02318  0.008732   0.06493        13       640    0.3561    0.8477    0.7298    0.5529   0.01642  0.005418   0.02241
   207/599     5.48G   0.02383  0.006959   0.02289  0.008503   0.06219        17       640    0.3428     0.849    0.7286    0.5545   0.01656  0.005392   0.02216
   208/599     5.48G   0.02503  0.006831   0.02157  0.008618   0.06205        13       640    0.3448    0.8447    0.7343    0.5702   0.01627   0.00546   0.02208
   209/599     5.48G   0.02573  0.007081    0.0222  0.008401   0.06342        16       640     0.361    0.8453    0.7492    0.5678   0.01694  0.005451   0.02275
   210/599     5.48G   0.02593  0.006929   0.02369  0.008272   0.06482        14       640    0.3588    0.8518    0.7987    0.6065    0.0176  0.005446   0.02226
   211/599     5.48G   0.02506  0.006925   0.02318  0.008824   0.06399        11       640    0.3746    0.8827    0.7759    0.5864   0.01739  0.005509   0.02222
   212/599     5.48G    0.0258  0.007097   0.02455  0.008812   0.06626        21       640    0.3851    0.8842    0.7997    0.6003   0.01738   0.00548   0.02193
   213/599     5.48G   0.02425  0.006871   0.02235  0.008258   0.06173        13       640    0.4186    0.9204    0.7985    0.6174   0.01624  0.005418   0.02157
   214/599     5.48G   0.02448  0.007231   0.02256   0.00821   0.06248        13       640     0.366     0.857    0.7725    0.5912   0.01639  0.005393   0.02117
   215/599     5.48G   0.02503  0.007095   0.02174  0.008121   0.06199        22       640    0.4365    0.8882    0.7884    0.5948   0.01683  0.005369   0.02139
   216/599     5.48G   0.02502   0.00677   0.02185  0.008152   0.06179        17       640    0.3786    0.8692     0.769    0.5906   0.01666  0.005273   0.02129
   217/599     5.48G   0.02344  0.007012   0.02149  0.008217   0.06015        12       640    0.3934    0.8941     0.784    0.6043   0.01633  0.005248   0.02103
   218/599     5.48G   0.02355  0.006778   0.02131  0.007714   0.05935        18       640    0.3777    0.8522    0.7709    0.5922   0.01673  0.005293   0.02051
   219/599     5.48G   0.02498  0.006769   0.02137  0.009878   0.06301        18       640    0.3541     0.824    0.7472    0.5558   0.01744  0.005364   0.02129
   220/599     5.48G   0.02427  0.006792   0.02266   0.01051   0.06423        14       640    0.3537    0.8285    0.7283    0.5401   0.01691  0.005528   0.02211
   221/599     5.48G   0.02658  0.007015   0.02248  0.009421    0.0655        12       640    0.4029     0.893    0.7516    0.5538   0.01693   0.00543    0.0215
   222/599     5.48G   0.02564  0.007073   0.02156  0.009111   0.06338        18       640     0.375    0.8916    0.7803    0.5799   0.01749  0.005462   0.02086
   223/599     5.48G   0.02533   0.00679   0.02013  0.008174   0.06042        23       640    0.3839    0.8949    0.7647    0.5657   0.01735  0.005344   0.02073
   224/599     5.48G   0.02605   0.00702   0.02176   0.00817     0.063        18       640    0.3848    0.8462    0.7545    0.5813   0.01635  0.005276   0.02061
   225/599     5.48G   0.02484  0.007088   0.02121  0.008616   0.06176        23       640    0.3733    0.8914    0.7883    0.6152     0.017   0.00543   0.02041
   226/599     5.48G    0.0254  0.006931   0.02136   0.00836   0.06205        15       640    0.3624    0.8896    0.8018    0.6051   0.01663  0.005342   0.02001
   227/599     5.48G   0.02388  0.006842   0.02059  0.007831   0.05914        14       640    0.3957    0.8941    0.8274    0.6355   0.01619  0.005244   0.01956
   228/599     5.48G    0.0232  0.006698   0.02052  0.007722   0.05814        17       640    0.3956    0.8941    0.8466    0.6565   0.01566  0.005198    0.0198
   229/599     5.48G   0.02478  0.006685   0.01956  0.008046   0.05907        13       640     0.408    0.9302    0.8536    0.6649   0.01593  0.005209   0.01972
   230/599     5.48G   0.02423  0.006794   0.02044  0.007856   0.05932        19       640    0.4266    0.9324     0.851    0.6634    0.0158  0.005271    0.0193
   231/599     5.48G   0.02454  0.006694   0.01853  0.007918   0.05768        17       640    0.3863    0.8982    0.8309    0.6372   0.01609  0.005236   0.01924
   232/599     5.48G   0.02391  0.006627   0.01954  0.007662   0.05774        19       640    0.4094    0.9339    0.8627    0.6688   0.01591  0.005119   0.01967
   233/599     5.48G   0.02418  0.006641   0.01896  0.007746   0.05753        14       640    0.3991    0.9404    0.8744    0.6623   0.01615  0.005198   0.01907
   234/599     5.48G   0.02223  0.006625   0.01971  0.008004   0.05657        17       640    0.3968     0.891    0.8068    0.6424   0.01536  0.005189     0.019
   235/599     5.48G   0.02453  0.006629   0.01892  0.007855   0.05793        11       640    0.3699     0.891    0.7912    0.6147   0.01582  0.005184    0.0188
   236/599     5.48G   0.02509  0.006801   0.01919   0.00782    0.0589        19       640    0.3866    0.8953      0.79    0.6098   0.01645  0.005193   0.01835
   237/599     5.48G   0.02382   0.00676   0.01899  0.007481   0.05705        14       640    0.3851    0.8919    0.8102    0.6321   0.01574  0.005141   0.01873
   238/599     5.48G   0.02289  0.006591   0.01887  0.007914   0.05626        11       640    0.3782    0.8817    0.8134    0.6264   0.01552   0.00509   0.01891
   239/599     5.48G   0.02384  0.006465   0.01817  0.007217   0.05569        15       640    0.4298     0.912    0.8187    0.6381    0.0161  0.005116   0.01827
   240/599     5.48G   0.02419  0.006873   0.01763  0.007269   0.05596        15       640    0.4473    0.9342    0.8647    0.6855   0.01639    0.0052   0.01807
   241/599     5.48G    0.0222  0.006618   0.01808  0.007176   0.05407        24       640     0.377    0.8957    0.8189    0.6466   0.01525  0.005078   0.01762
   242/599     5.48G   0.02289  0.006598   0.01842   0.00745   0.05537        12       640    0.3733    0.9021    0.8262    0.6475   0.01575  0.005141    0.0178
   243/599     5.48G   0.02436  0.006671   0.01802  0.007471   0.05652        18       640    0.3957     0.896    0.8082    0.6261   0.01565  0.005139   0.01758
   244/599     5.48G   0.02349  0.006306   0.01928  0.007632   0.05671        13       640     0.371    0.8949    0.8344    0.6548   0.01492  0.005144   0.01796
   245/599     5.48G   0.02277  0.006783   0.01741  0.007634    0.0546        18       640    0.3869    0.9041     0.831    0.6639   0.01562  0.005145   0.01791
   246/599     5.48G   0.02421   0.00672   0.01886   0.00784   0.05763        13       640    0.3859    0.9161    0.8432    0.6615   0.01545  0.005039   0.01746
   247/599     5.48G   0.02264  0.006338    0.0169   0.00764   0.05352        15       640    0.4291    0.9118    0.8597    0.6605    0.0159  0.005093   0.01755
   248/599     5.48G   0.02366  0.006501    0.0175   0.00762   0.05528        10       640    0.4289    0.9106    0.8512     0.664   0.01586  0.005193   0.01715
   249/599     5.48G   0.02468  0.006613   0.01762  0.007628   0.05654        14       640    0.4287    0.9098    0.8177    0.6389    0.0154  0.005177   0.01707
   250/599     5.48G   0.02311  0.006753   0.01678  0.007131   0.05378        14       640    0.4186    0.9063    0.8019    0.6239   0.01566  0.005056   0.01719
   251/599     5.48G   0.02376  0.006523   0.01692  0.007647   0.05486        19       640    0.4075    0.9082    0.8261     0.645   0.01551  0.005032   0.01662
   252/599     5.48G   0.02275  0.006608   0.01704  0.007244   0.05364        15       640    0.3887    0.8912    0.8413    0.6513   0.01535  0.005045   0.01673
   253/599     5.48G   0.02338  0.006645   0.01668  0.007538   0.05424        24       640    0.3982    0.8957    0.8271     0.654   0.01536  0.005112   0.01685
   254/599     5.48G    0.0234  0.006389   0.01637  0.008201   0.05436        15       640    0.4083    0.8923    0.8175    0.6423   0.01588  0.005184   0.01688
   255/599     5.48G   0.02267  0.006235   0.01706  0.007973   0.05394        16       640    0.3974     0.905    0.8397    0.6604   0.01505  0.005191   0.01599
   256/599     5.48G   0.02276  0.006384   0.01643  0.007745   0.05332        16       640    0.4156    0.8993    0.8335    0.6544   0.01546  0.005047   0.01595
   257/599     5.48G   0.02452  0.006715   0.01605  0.007296   0.05457        13       640    0.4339    0.8944    0.8189    0.6457   0.01577  0.005092   0.01615
   258/599     5.48G   0.02418  0.006587   0.01664  0.007304   0.05471        12       640    0.4252    0.9036    0.8382    0.6676   0.01548  0.005086   0.01575
   259/599     5.48G   0.02415  0.006273   0.01627  0.007401    0.0541        10       640     0.443    0.9416     0.909    0.7174   0.01573  0.005108    0.0158
   260/599     5.48G   0.02309  0.006496   0.01695  0.007416   0.05395         9       640    0.4524     0.915    0.8652    0.6871   0.01517  0.005093   0.01574
   261/599     5.48G   0.02196   0.00657   0.01532  0.006953    0.0508        11       640    0.4112    0.9125    0.8448    0.6693   0.01467  0.005057   0.01586
   262/599     5.48G   0.02393  0.006694   0.01632  0.007363   0.05431        12       640    0.4402    0.9123    0.8504    0.6877   0.01501  0.005143   0.01568
   263/599     5.48G   0.02323  0.006412   0.01562  0.007177   0.05244        18       640    0.4505    0.9212    0.8428    0.6647   0.01486  0.005072   0.01602
   264/599     5.48G   0.02304  0.006501   0.01618  0.007415   0.05313        18       640    0.4648    0.9226    0.8597    0.6785   0.01558  0.005126   0.01647
   265/599     5.48G   0.02291  0.006386   0.01598  0.007482   0.05276        17       640    0.4282    0.9143    0.8535    0.6812   0.01551  0.005064   0.01694
   266/599     5.48G    0.0234  0.006475   0.01513  0.007464   0.05247        20       640    0.4652    0.9174    0.8568    0.6731   0.01557  0.005036   0.01668
   267/599     5.48G   0.02248  0.006494   0.01584  0.007303   0.05211        15       640     0.474     0.912    0.8568    0.6758   0.01509  0.005027   0.01581
   268/599     5.48G   0.02323    0.0063     0.016  0.007493   0.05302        14       640    0.4976    0.9614    0.8925    0.7061   0.01484  0.005094   0.01504
   269/599     5.48G   0.02277  0.006413   0.01491  0.007145   0.05124        11       640    0.4478    0.9147    0.8811     0.685   0.01524  0.005136    0.0147
   270/599     5.48G   0.02349   0.00659   0.01498  0.007569   0.05263        17       640    0.4586    0.9133    0.8612    0.6875   0.01478  0.005175    0.0145
   271/599     5.48G   0.02281  0.006349   0.01542  0.007106   0.05169        10       640    0.4692    0.9155    0.8746    0.6921    0.0149  0.005022   0.01482
   272/599     5.48G   0.02321  0.006505   0.01527  0.007546   0.05253        16       640    0.4876    0.9302    0.8818    0.7132   0.01469  0.004994   0.01504
   273/599     5.48G   0.02225  0.005949   0.01519  0.006845   0.05024        12       640    0.4893    0.9351    0.8889    0.7108   0.01501  0.005023   0.01468
   274/599     5.48G   0.02306  0.006359   0.01459  0.007027   0.05103        17       640    0.4769    0.9172    0.8971    0.7108   0.01495   0.00506   0.01449
   275/599     5.48G   0.02277  0.006209   0.01568  0.007305   0.05196        12       640    0.4928    0.9104    0.8906    0.7077   0.01468  0.005009   0.01453
   276/599     5.48G   0.02276  0.006477   0.01447  0.007085   0.05079        16       640    0.4981    0.9117    0.8902    0.6991   0.01505  0.005039   0.01419
   277/599     5.48G   0.02279   0.00633   0.01472  0.007519   0.05136        14       640    0.4912    0.9333    0.9077    0.7231    0.0152  0.004971   0.01402
   278/599     5.48G   0.02265  0.006448    0.0148  0.007464   0.05137        16       640    0.4974    0.9272    0.8677    0.6799   0.01525  0.004992   0.01443
   279/599     5.48G   0.02312  0.006537   0.01431  0.007304   0.05127        17       640    0.4846    0.9256    0.9072    0.7098   0.01565   0.00502   0.01387
   280/599     5.48G   0.02265  0.006543    0.0146  0.007495   0.05129        16       640    0.4996    0.9231    0.8826    0.6892   0.01533  0.005015   0.01389
   281/599     5.48G   0.02272  0.006475   0.01461  0.007104   0.05091        13       640      0.46    0.9244    0.9044    0.7148   0.01576  0.005058   0.01386
   282/599     5.48G   0.02369  0.006659   0.01385  0.006954   0.05116        17       640    0.4837    0.9168    0.8673    0.6825   0.01551  0.005109   0.01428
   283/599     5.48G   0.02306  0.006427   0.01327  0.007027   0.04978        14       640    0.4911    0.9135    0.8772    0.6831    0.0157   0.00509     0.014
   284/599     5.48G   0.02206   0.00635   0.01376  0.007161   0.04933        14       640    0.4834    0.9258    0.8794    0.6934   0.01483  0.005066   0.01354
   285/599     5.48G    0.0215  0.006382   0.01311   0.00669   0.04768        21       640    0.4986    0.9288    0.8726    0.6954   0.01454  0.004925   0.01336
   286/599     5.48G   0.02236   0.00617     0.013  0.006716   0.04825        15       640     0.502    0.9323     0.879    0.6883   0.01515  0.004979   0.01326
   287/599     5.48G   0.02176  0.006322    0.0148  0.007405   0.05028        11       640    0.5117    0.9235    0.8683    0.7066   0.01497  0.004945   0.01329
   288/599     5.48G   0.02273  0.006365   0.01397   0.00688   0.04995         8       640    0.5221    0.9571    0.8959    0.7179   0.01506   0.00502   0.01418
   289/599     5.48G    0.0224  0.006213   0.01327   0.00678   0.04867        16       640    0.4908    0.9184    0.8848    0.7073   0.01485  0.005065   0.01416
   290/599     5.48G   0.02212  0.006295   0.01267  0.006852   0.04794        17       640    0.5188    0.9408    0.8848    0.7102   0.01463  0.004996   0.01355
   291/599     5.48G    0.0223  0.006153   0.01227  0.007013   0.04774        10       640    0.5169    0.9383    0.8875    0.6968   0.01469  0.004957   0.01378
   292/599     5.48G   0.02177  0.006034   0.01339  0.006754   0.04795        17       640    0.4894    0.9284    0.8861    0.7106   0.01428  0.004982   0.01438
   293/599     5.48G   0.02245  0.006411   0.01395  0.006646   0.04946        14       640    0.5048      0.93    0.8844    0.7112   0.01418  0.004966    0.0139
   294/599     5.48G   0.02221  0.006384   0.01215   0.00654   0.04729        12       640    0.4972    0.9386     0.884    0.7122   0.01387  0.004838   0.01269
   295/599     5.48G   0.02278  0.006257   0.01272  0.007206   0.04896        23       640    0.5043     0.935    0.8812    0.7118   0.01449  0.004868   0.01261
   296/599     5.48G    0.0219  0.006464   0.01342  0.007526   0.04931        15       640    0.4978    0.9151    0.8535     0.688   0.01485  0.004978   0.01364
   297/599     5.48G     0.022  0.006439   0.01303  0.007217   0.04868        17       640    0.4974    0.9256    0.8691    0.6874   0.01464  0.005013   0.01463
   298/599     5.48G   0.02089  0.006131   0.01281  0.007385   0.04721        16       640    0.5139    0.9262    0.8771    0.6998     0.015  0.004968   0.01427
   299/599     5.48G   0.02188  0.006306   0.01399  0.007419   0.04959        23       640     0.498    0.9281    0.9143    0.7384   0.01452  0.004973   0.01376
   300/599     5.48G   0.02216  0.006567    0.0126   0.00667     0.048        25       640    0.5116    0.9315    0.8864    0.7094   0.01491  0.004934   0.01369
   301/599     5.48G   0.02208  0.006024   0.01263  0.006614   0.04735        15       640    0.5217    0.9345     0.901    0.7176   0.01502  0.004954   0.01358
   302/599     5.48G    0.0218  0.006176   0.01307  0.006784   0.04783        19       640    0.5101    0.9386    0.9022    0.7224   0.01462  0.004888   0.01303
   303/599     5.48G   0.02112   0.00607   0.01228  0.006692   0.04616        16       640     0.559    0.9742    0.9518    0.7617   0.01462  0.004779   0.01217
   304/599     5.48G   0.02228  0.006401    0.0126  0.007171   0.04845        16       640    0.5396    0.9579    0.9234    0.7314    0.0142  0.004869   0.01235
   305/599     5.48G   0.02084  0.006051    0.0117  0.006855   0.04545        18       640    0.5252    0.9337    0.9092    0.7245   0.01449  0.004852    0.0125
   306/599     5.48G   0.02284  0.006257   0.01228  0.006492   0.04788        16       640    0.5276    0.9306     0.904    0.7186    0.0145  0.004805   0.01215
   307/599     5.48G   0.02176  0.006207   0.01147  0.006663    0.0461        18       640    0.5258    0.9371    0.9206    0.7361   0.01447  0.004808   0.01244
   308/599     5.48G   0.02304  0.006331   0.01233  0.006805    0.0485        19       640    0.5349    0.9588    0.8869    0.7058   0.01465  0.004897   0.01218
   309/599     5.48G   0.02158  0.006298   0.01281  0.006677   0.04736        13       640    0.5311    0.9627    0.8862    0.7148   0.01409  0.004901   0.01245
   310/599     5.48G   0.02149  0.006064   0.01213   0.00676   0.04644        15       640    0.5078    0.9404    0.8778    0.7094   0.01392  0.004806   0.01208
   311/599     5.48G   0.02105  0.005782   0.01087  0.006745   0.04444        13       640    0.5319    0.9382    0.8908    0.7102   0.01417  0.004818   0.01217
   312/599     5.48G    0.0217  0.005905   0.01207  0.006677   0.04635        17       640    0.5423     0.924    0.8826    0.7065    0.0141  0.004847     0.012
   313/599     5.48G      0.02  0.006232    0.0113  0.006315   0.04384        16       640    0.5257    0.9298    0.8862     0.719   0.01411  0.004818     0.012
   314/599     5.48G    0.0206  0.005974   0.01125   0.00656   0.04438        23       640    0.5306    0.9771    0.8966    0.7247   0.01387  0.004833   0.01202
   315/599     5.48G   0.02246  0.006204   0.01238  0.006683   0.04772        16       640     0.535    0.9757    0.9154    0.7497   0.01376  0.004788   0.01183
   316/599     5.48G    0.0219  0.005864   0.01146  0.006382   0.04561        17       640    0.5377    0.9819    0.9234    0.7421   0.01397  0.004915    0.0121
   317/599     5.48G   0.02151  0.006309   0.01147  0.006524   0.04582        23       640    0.5404    0.9294    0.8962    0.7252   0.01408  0.004895   0.01168
   318/599     5.48G   0.02073  0.006041   0.01125  0.006417   0.04444        14       640    0.5463    0.9594    0.8898    0.7201   0.01385   0.00487   0.01189
   319/599     5.48G   0.02133  0.005957   0.01218  0.006401   0.04586        10       640    0.5469    0.9652     0.885    0.7226   0.01377  0.004911   0.01374
   320/599     5.48G   0.02091   0.00619   0.01171  0.006631   0.04544        18       640    0.5378    0.9593    0.8906    0.7246   0.01408  0.004902   0.01289
   321/599     5.48G   0.02052  0.005936   0.01059  0.006041   0.04308        18       640    0.5351    0.9519    0.8917    0.7206   0.01458  0.004814   0.01258
   322/599     5.48G   0.02179  0.005814   0.01157  0.006547   0.04571        13       640    0.5303    0.9733    0.8897    0.7253   0.01399  0.004808   0.01322
   323/599     5.48G   0.02153  0.006075   0.01083  0.006804   0.04524        11       640    0.5376    0.9782    0.9183    0.7483   0.01424  0.004837   0.01235
   324/599     5.48G   0.02007  0.006134   0.01075  0.006092   0.04305        12       640    0.5406    0.9902    0.8983    0.7206   0.01373  0.004821   0.01197
   325/599     5.48G   0.02086  0.006203   0.01091  0.006237    0.0442        11       640    0.5619    0.9915    0.9073    0.7302   0.01351  0.004767   0.01142
   326/599     5.48G   0.02044  0.005921   0.01006  0.006175    0.0426        17       640    0.5552    0.9847    0.8961    0.7224   0.01355  0.004703   0.01122
   327/599     5.48G   0.02072  0.005617   0.01019  0.006638   0.04316        16       640    0.5676    0.9847    0.9033    0.7322   0.01396  0.004705   0.01116
   328/599     5.48G    0.0212   0.00612   0.01054  0.006559   0.04442        13       640    0.5548    0.9783    0.8916    0.7191   0.01415  0.004793   0.01098
   329/599     5.48G      0.02  0.005922   0.01018   0.00626   0.04237        19       640    0.5904    0.9708    0.9121    0.7364   0.01396   0.00479   0.01097
   330/599     5.48G   0.01998  0.005864  0.009886  0.006344   0.04207        19       640      0.56    0.9437    0.9081    0.7287   0.01383  0.004767   0.01093
   331/599     5.48G   0.02175  0.006167   0.01108  0.006546   0.04554        15       640    0.5501    0.9377    0.9038    0.7385   0.01382  0.004719   0.01109
   332/599     5.48G   0.02059  0.005644    0.0108  0.006322   0.04335        11       640    0.5661    0.9417    0.9042    0.7311    0.0142  0.004721   0.01114
   333/599     5.48G   0.02097  0.005955   0.01118  0.006401   0.04451        26       640    0.5715    0.9387    0.8901    0.7299   0.01386  0.004758   0.01091
   334/599     5.48G   0.02086  0.005947   0.01041  0.006507   0.04372        15       640    0.5375    0.9767    0.8956    0.7297   0.01432  0.004774   0.01081
   335/599     5.48G   0.02021  0.005959   0.01025  0.006488   0.04291        13       640    0.5526    0.9759     0.916    0.7428   0.01392  0.004851   0.01073
   336/599     5.48G   0.02041  0.005725   0.01034  0.006677   0.04315        12       640    0.5662    0.9763     0.932    0.7613   0.01398  0.004779   0.01081
   337/599     5.48G   0.02068  0.005758   0.01022  0.006148   0.04281        14       640    0.5502    0.9784    0.9285    0.7496   0.01377  0.004757    0.0113
   338/599     5.48G   0.02068  0.005827   0.01087  0.006419    0.0438        20       640    0.5543    0.9376    0.9448    0.7582   0.01369  0.004708   0.01135
   339/599     5.48G   0.02087  0.006027   0.01048  0.006631   0.04401        19       640    0.5556    0.9879    0.9396    0.7579   0.01361  0.004725   0.01096
   340/599     5.48G   0.02018  0.005863   0.01008  0.006599   0.04272        17       640    0.5695     0.988    0.9174    0.7435   0.01361  0.004769   0.01104
   341/599     5.48G   0.02082  0.006062   0.01036  0.006208   0.04345        11       640    0.5543    0.9673    0.9137     0.742   0.01368   0.00475   0.01093
   342/599     5.48G   0.02053  0.005927  0.009912  0.006155   0.04252        16       640    0.5629    0.9893    0.9178    0.7427    0.0137  0.004762   0.01114
   343/599     5.48G   0.01987  0.005757  0.009516  0.006035   0.04118        19       640    0.5708    0.9908    0.9499    0.7737   0.01352  0.004721   0.01094
   344/599     5.48G   0.02002  0.005917   0.01052  0.006258   0.04271        18       640    0.5961    0.9893    0.9423    0.7649    0.0136  0.004736   0.01072
   345/599     5.48G   0.01964  0.005716  0.008959  0.005955   0.04027        14       640    0.5731     0.987    0.9354    0.7619   0.01361  0.004723   0.01077
   346/599     5.48G   0.01977  0.005842  0.009882  0.006025   0.04152        12       640    0.5807    0.9822    0.9358    0.7659   0.01334  0.004666   0.01134
   347/599     5.48G   0.01958   0.00578  0.009594  0.006017   0.04097        20       640    0.5716     0.984    0.9266    0.7544    0.0136  0.004632   0.01101
   348/599     5.48G    0.0194  0.005588   0.01027  0.005986   0.04125        22       640    0.5773    0.9881    0.9247    0.7533   0.01324  0.004638   0.01077
   349/599     5.48G   0.02022  0.005826  0.009841  0.006032   0.04192        17       640    0.5513    0.9862    0.9317    0.7716   0.01319  0.004674   0.01128
   350/599     5.48G   0.01943  0.006069  0.009823  0.005953   0.04127        15       640    0.5518    0.9871    0.9571    0.7779   0.01387  0.004641   0.01067
   351/599     5.48G   0.01947  0.005715  0.009782  0.005911   0.04088        18       640    0.5694    0.9875     0.956    0.7859   0.01378  0.004621   0.01068
   352/599     5.48G      0.02  0.005922   0.01118  0.006288   0.04339        19       640    0.5698    0.9862    0.9314      0.77   0.01346   0.00461   0.01079
   353/599     5.48G   0.01933  0.005643   0.01032  0.005956   0.04124        14       640    0.5777    0.9879     0.931    0.7565   0.01342  0.004619   0.01026
   354/599     5.48G   0.01986  0.005836  0.009926  0.005882    0.0415        20       640    0.5736    0.9897    0.8951    0.7299   0.01349   0.00458   0.01029
   355/599     5.48G   0.02071   0.00577  0.009954  0.006105   0.04254        12       640    0.5877    0.9921    0.9425    0.7694   0.01351  0.004603    0.0105
   356/599     5.48G   0.02026  0.005917   0.01023   0.00597   0.04238        12       640    0.5707    0.9884    0.9449    0.7709   0.01342  0.004596   0.01091
   357/599     5.48G   0.01975  0.005802  0.009411  0.005888   0.04085        17       640    0.5642    0.9882    0.9349    0.7707   0.01333  0.004635   0.01066
   358/599     5.48G   0.01846  0.005754  0.009136  0.005501   0.03885        10       640    0.5707    0.9887    0.9593     0.795    0.0131  0.004617   0.01048
   359/599     5.48G   0.01989  0.005825  0.009393  0.005828   0.04094        13       640    0.5707    0.9912    0.9628    0.7928   0.01335  0.004609   0.01045
   360/599     5.48G   0.01897  0.005636  0.008982  0.006107    0.0397        17       640    0.5709    0.9871    0.9604    0.7976   0.01317  0.004603   0.01056
   361/599     5.48G   0.01871  0.005627  0.008429  0.005875   0.03864        15       640     0.578    0.9881    0.9583    0.7922   0.01311  0.004592   0.01022
   362/599     5.48G   0.01913  0.005604  0.009837  0.005851   0.04042        12       640    0.5903    0.9886    0.9389    0.7726   0.01299  0.004591   0.01006
   363/599     5.48G   0.02046  0.005691  0.009581   0.00589   0.04162        17       640    0.5895     0.987    0.9267    0.7622   0.01315  0.004579  0.009943
   364/599     5.48G   0.01907  0.005655  0.009083  0.005668   0.03947        12       640    0.5702     0.988    0.9387    0.7672   0.01297  0.004548   0.01031
   365/599     5.48G   0.01888  0.005932   0.00846  0.005597   0.03886        12       640     0.576     0.987    0.9621    0.7839   0.01291   0.00458   0.01052
   366/599     5.48G   0.01972  0.005811  0.009519  0.005822   0.04087        18       640    0.5847    0.9879    0.9465    0.7801   0.01305  0.004538   0.01009
   367/599     5.48G    0.0196  0.005619  0.008607  0.005695   0.03952        20       640    0.5874    0.9869    0.9107    0.7549   0.01332  0.004529  0.009986
   368/599     5.48G   0.01931  0.005726  0.008868  0.005985   0.03989        14       640    0.5842     0.989    0.9343    0.7804   0.01304  0.004549   0.01011
   369/599     5.48G   0.01805  0.005413  0.008231  0.005636   0.03733        14       640    0.5708    0.9891    0.9146    0.7637     0.013  0.004514  0.009721
   370/599     5.48G   0.01903  0.005321   0.00831  0.008279   0.04094        22       640    0.5717     0.987     0.905    0.7543   0.01293  0.004515  0.009831
   371/599     5.48G   0.01999  0.005724   0.01025  0.007309   0.04327        16       640    0.5589    0.9875    0.8998    0.7451   0.01335  0.004566  0.009952
   372/599     5.48G   0.01928  0.005728  0.009015   0.00637   0.04039        11       640     0.567     0.986    0.9184    0.7538   0.01314  0.004528  0.009695
   373/599     5.48G   0.01968  0.005546  0.008376  0.006168   0.03977        21       640    0.5581    0.9538    0.9193    0.7524   0.01348  0.004504  0.009553
   374/599     5.48G   0.01883   0.00586  0.008808  0.005872   0.03937        19       640    0.5542    0.9613    0.9195    0.7595   0.01299   0.00449  0.009725
   375/599     5.48G   0.01869  0.005494  0.008986  0.005681   0.03885        17       640    0.5812      0.99    0.9185    0.7587     0.013  0.004483  0.009781
   376/599     5.48G   0.01935  0.005706  0.009324  0.005952   0.04033        13       640    0.5773    0.9879    0.9247    0.7639   0.01297  0.004486   0.01054
   377/599     5.48G   0.01933   0.00559  0.008964  0.005638   0.03953        30       640    0.5685    0.9879    0.9418     0.777   0.01313  0.004548   0.01092
   378/599     5.48G   0.01939  0.005829  0.008787  0.005809   0.03982        19       640    0.5768    0.9891    0.9358    0.7765   0.01296  0.004502   0.01016
   379/599     5.48G   0.01939   0.00572  0.008072  0.006019    0.0392        17       640    0.5638    0.9898    0.9291    0.7671   0.01296  0.004528  0.009688
   380/599     5.48G   0.01908  0.005647  0.008703  0.005693   0.03913        18       640    0.5694    0.9907    0.9312    0.7751   0.01308   0.00458   0.01003
   381/599     5.48G   0.01905   0.00565  0.009136  0.005852   0.03969        16       640    0.5711    0.9885    0.9191    0.7687   0.01269  0.004605   0.01013
   382/599     5.48G   0.01837  0.005495   0.00816  0.005502   0.03753        14       640    0.5756     0.979    0.9159    0.7618    0.0127  0.004525   0.01011
   383/599     5.48G   0.01874  0.005606  0.008477  0.006083    0.0389        20       640    0.5759    0.9807    0.9162    0.7656   0.01264  0.004494   0.01018
   384/599     5.48G   0.01847   0.00542  0.008282  0.005963   0.03814        13       640     0.578    0.9891    0.9236    0.7656   0.01273  0.004486    0.0101
   385/599     5.48G   0.01871  0.005507  0.009333  0.006177   0.03973        10       640    0.5796    0.9891    0.9268    0.7726   0.01293    0.0045   0.01035
   386/599     5.48G   0.01914  0.005763  0.008725  0.006134   0.03976        25       640    0.5746    0.9857    0.9306    0.7593   0.01299  0.004557   0.01075
   387/599     5.48G   0.01918  0.005613  0.009679  0.005916   0.04039        13       640     0.577    0.9879    0.9336    0.7618    0.0132  0.004557   0.01033
   388/599     5.48G   0.01891  0.005413  0.008817   0.00561   0.03875        13       640    0.5808    0.9906    0.9362    0.7763   0.01334  0.004497  0.009984
   389/599     5.48G   0.01883  0.005705  0.009165  0.005943   0.03964        21       640    0.5698    0.9906    0.9419    0.7805   0.01328   0.00451  0.009085
   390/599     5.48G   0.01784  0.005369  0.008785  0.005901    0.0379        14       640    0.5656     0.986    0.9603    0.8009   0.01298  0.004514  0.009673
   391/599     5.48G   0.01805  0.005626  0.007976  0.006104   0.03776        15       640     0.568    0.9867    0.9569    0.7981   0.01302  0.004543  0.009786
   392/599     5.48G    0.0192  0.005449  0.008727  0.006016   0.03939        11       640     0.582    0.9867    0.9538    0.7883   0.01296  0.004604  0.009479
   393/599     5.48G   0.01872  0.005722   0.00784  0.005582   0.03786        13       640    0.5778    0.9858    0.9525    0.7895   0.01303  0.004596  0.009487
   394/599     5.48G   0.01939  0.005378  0.007791   0.00597   0.03853        10       640     0.587    0.9858    0.9344    0.7695   0.01327  0.004571  0.009522
   395/599     5.48G   0.01926   0.00564  0.008805   0.00612   0.03982        15       640    0.5778    0.9895    0.9526    0.7817   0.01288  0.004505  0.009437
   396/599     5.48G   0.01791  0.005363  0.007961   0.00575   0.03698        13       640     0.585    0.9893    0.9527    0.7899    0.0128  0.004535  0.009308
   397/599     5.48G   0.01838  0.005388  0.008502  0.005751   0.03802        11       640    0.5815     0.993    0.9356    0.7762   0.01256   0.00451   0.00908
   398/599     5.48G   0.01891  0.005724  0.008213  0.005754   0.03861        21       640    0.5818    0.9912    0.9185    0.7661   0.01266  0.004473  0.009037
   399/599     5.48G   0.01971  0.005636  0.008211  0.005625   0.03918        23       640    0.5854    0.9918    0.9231     0.762    0.0128  0.004479  0.009138
   400/599     5.48G   0.01827  0.005302   0.00755  0.005503   0.03662        19       640    0.5769    0.9943    0.9305    0.7715   0.01274  0.004496  0.009174
   401/599     5.48G   0.01832  0.005536  0.008837  0.005841   0.03854        16       640    0.5839    0.9907    0.9375    0.7779   0.01254  0.004485   0.00923
   402/599     5.48G   0.01796   0.00546  0.007943  0.005773   0.03714        15       640    0.5757    0.9898    0.9394    0.7812   0.01251  0.004492  0.009594
   403/599     5.48G   0.01837  0.005419  0.007593  0.005985   0.03737        15       640    0.5801    0.9898    0.9457    0.7918   0.01235  0.004533  0.009725
   404/599     5.48G   0.01799  0.005378  0.007215  0.005633   0.03621        23       640    0.5808    0.9898    0.9456    0.7843   0.01248  0.004543   0.00945
   405/599     5.48G   0.01778  0.005279  0.007697   0.00557   0.03632         8       640    0.5886    0.9891    0.9624    0.8026   0.01277  0.004507  0.009485
   406/599     5.48G   0.01876  0.005408   0.00758  0.005678   0.03742        21       640    0.5904     0.987    0.9368    0.7821   0.01257  0.004465  0.008964
   407/599     5.48G    0.0185  0.005612  0.007876  0.005724   0.03771        22       640    0.5885     0.987    0.9386     0.782   0.01259  0.004441  0.009119
   408/599     5.48G   0.01885  0.005463  0.008282  0.005694   0.03829        14       640    0.5904     0.987     0.966    0.7978   0.01242  0.004466    0.0096
   409/599     5.48G   0.01844  0.005538  0.008801  0.005714   0.03849         9       640    0.5986     0.987    0.9601    0.7983   0.01241  0.004514  0.009692
   410/599     5.48G   0.01745  0.005614  0.008161  0.005374    0.0366        10       640     0.593     0.987    0.9431    0.7848   0.01229  0.004502  0.009537
   411/599     5.48G   0.01814  0.005165  0.007912  0.005807   0.03702        16       640    0.5879     0.988    0.9378    0.7786   0.01249  0.004522   0.00953
   412/599     5.48G   0.01767  0.005395  0.007272  0.005359    0.0357        12       640    0.5833    0.9885    0.9283    0.7688   0.01254  0.004513  0.009063
   413/599     5.48G   0.01716  0.005162  0.007247  0.005206   0.03477        18       640    0.5781    0.9889     0.933    0.7701   0.01248  0.004448  0.008723
   414/599     5.48G    0.0182  0.005547  0.007488  0.005461   0.03669        25       640    0.5873    0.9863    0.9393    0.7783   0.01245  0.004398  0.008656
   415/599     5.48G    0.0179  0.005441  0.007454  0.005486   0.03628        20       640    0.5859    0.9916    0.9435    0.7851   0.01261  0.004381  0.009027
   416/599     5.48G   0.01815  0.005361  0.007403  0.005388   0.03631        16       640    0.5933    0.9894    0.9358    0.7832   0.01238  0.004413  0.009318
   417/599     5.48G   0.01783  0.005497  0.007657  0.005235   0.03622        18       640    0.5873    0.9882    0.9374    0.7849   0.01265   0.00443  0.009414
   418/599     5.48G   0.01738  0.005294  0.008466  0.005104   0.03624        14       640    0.6138    0.9873    0.9282    0.7731   0.01249  0.004461   0.00967
   419/599     5.48G   0.01817  0.005177  0.007312  0.005214   0.03587        17       640    0.6167    0.9884    0.9348    0.7783   0.01262  0.004458  0.008648
   420/599     5.48G   0.01727   0.00533  0.007458  0.005262   0.03532        24       640    0.6019    0.9867    0.9406    0.7852   0.01263  0.004444  0.008262
   421/599     5.48G   0.01779  0.005516  0.007699   0.00541   0.03641        17       640    0.5999    0.9884    0.9455    0.7869   0.01237  0.004447  0.008325
   422/599     5.48G   0.01657  0.005286  0.006792  0.005178   0.03383        10       640    0.5934    0.9894    0.9365    0.7796   0.01235  0.004464  0.008123
   423/599     5.48G   0.01629  0.005242  0.006654  0.005058   0.03324        18       640     0.598    0.9894    0.9448    0.7906   0.01228  0.004455  0.008098
   424/599     5.48G   0.01762  0.005267  0.006887   0.00547   0.03524        15       640    0.6083    0.9876    0.9596     0.798   0.01226  0.004493  0.008145
   425/599     5.48G   0.01752   0.00538  0.007767  0.005484   0.03615        11       640    0.6026    0.9893    0.9615     0.799   0.01239  0.004507  0.008001
   426/599     5.48G   0.01708  0.005295  0.006743  0.005764   0.03488        11       640    0.5863    0.9885    0.9437    0.7864   0.01208  0.004456  0.008126
   427/599     5.48G   0.01795  0.005199  0.007848  0.005619   0.03662        16       640    0.5944    0.9893    0.9426    0.7885    0.0122  0.004427  0.008078
   428/599     5.48G    0.0169  0.005454   0.00705   0.00525   0.03465        18       640    0.6062    0.9885    0.9382    0.7862   0.01208  0.004391  0.007882
   429/599     5.48G   0.01751   0.00535   0.00733  0.005429   0.03562        16       640    0.6102    0.9894    0.9394    0.7847   0.01216  0.004369  0.007956
   430/599     5.48G   0.01762   0.00517   0.00685  0.005202   0.03484        23       640    0.6132    0.9894    0.9393    0.7878   0.01227  0.004386  0.007911
   431/599     5.48G   0.01693   0.00515  0.007611  0.005432   0.03512        13       640    0.6131    0.9894     0.939     0.787   0.01224  0.004381  0.008127
   432/599     5.48G   0.01746  0.005382  0.007096  0.005185   0.03512        13       640    0.6104     0.989    0.9459    0.7943   0.01231  0.004372  0.008103
   433/599     5.48G     0.016  0.005025  0.006085  0.005095    0.0322        13       640    0.6111    0.9888    0.9496    0.7954    0.0122  0.004381  0.008197
   434/599     5.48G   0.01697   0.00534  0.006638  0.005407   0.03436        13       640    0.6185    0.9885    0.9484    0.7923   0.01212  0.004404   0.00859
   435/599     5.48G    0.0167  0.004963  0.006605  0.005344   0.03361        11       640    0.5967     0.987    0.9388    0.7838   0.01214  0.004442   0.00862
   436/599     5.48G   0.01631  0.005274  0.006683  0.005147   0.03341        15       640    0.5963    0.9894    0.9427    0.7871   0.01215  0.004432  0.008355
   437/599     5.48G   0.01711  0.005149  0.007542  0.005238   0.03504        10       640    0.5931    0.9902    0.9486    0.7846   0.01213  0.004412  0.008245
   438/599     5.48G   0.01662  0.005234  0.006761  0.005453   0.03407        25       640    0.5835    0.9902    0.9679    0.8079   0.01209  0.004429  0.008379
   439/599     5.48G   0.01626  0.005212  0.006015   0.00508   0.03257        24       640    0.5941    0.9902    0.9364    0.7792   0.01213   0.00445  0.008689
   440/599     5.48G   0.01752  0.005194  0.007281  0.005251   0.03524        17       640    0.5992    0.9897    0.9439    0.7873    0.0121  0.004456  0.008788
   441/599     5.48G   0.01604  0.005085   0.00672  0.005277   0.03312        16       640    0.6008    0.9894      0.96    0.7954   0.01217  0.004447  0.009073
   442/599     5.48G   0.01664  0.005129  0.006227  0.004896   0.03289        23       640    0.6067    0.9909    0.9628    0.7997   0.01211  0.004418  0.008778
   443/599     5.48G   0.01702  0.005129  0.006688  0.005055    0.0339        11       640    0.6071    0.9909    0.9592    0.8036   0.01203  0.004391  0.008433
   444/599     5.48G   0.01609  0.005131  0.006285  0.005176   0.03268        14       640    0.6048    0.9902    0.9562    0.8023   0.01197  0.004383  0.008475
   445/599     5.48G   0.01738  0.005136  0.006607  0.005056   0.03418        15       640    0.6058    0.9902    0.9525    0.7944   0.01214  0.004363   0.00859
   446/599     5.48G   0.01639    0.0052  0.006533  0.005016   0.03314        13       640    0.6101    0.9893    0.9552     0.795   0.01213  0.004386  0.008651
   447/599     5.48G   0.01693    0.0052  0.007149  0.005273   0.03455        13       640    0.6129    0.9896    0.9382    0.7819   0.01193  0.004407  0.008447
   448/599     5.48G   0.01742   0.00516  0.006735  0.005177   0.03449        13       640    0.6145    0.9885    0.9369    0.7861   0.01207   0.00443  0.008392
   449/599     5.48G   0.01701  0.005364  0.007122  0.005079   0.03457        13       640    0.6106    0.9893    0.9545    0.8002   0.01199  0.004399  0.008388
   450/599     5.48G   0.01643  0.005112  0.006517  0.004866   0.03292        17       640    0.6121    0.9894    0.9363     0.781   0.01207  0.004398  0.008285
   451/599     5.48G   0.01665   0.00528  0.006482  0.005053   0.03346        14       640    0.6162    0.9894    0.9363    0.7851   0.01203  0.004368  0.008025
   452/599     5.48G   0.01625  0.005231  0.006518  0.005078   0.03308        17       640    0.6195    0.9894    0.9392    0.7903   0.01194  0.004332  0.007848
   453/599     5.48G   0.01685  0.005221  0.006693  0.005043   0.03381        17       640    0.6163    0.9894    0.9412    0.7895   0.01193  0.004331  0.007875
   454/599     5.48G   0.01627  0.005074  0.006284  0.004821   0.03245        19       640     0.618    0.9894    0.9441    0.7853   0.01204  0.004329  0.007948
   455/599     5.48G    0.0166  0.004894  0.006515  0.004999   0.03301        14       640    0.6229    0.9894    0.9418    0.7856    0.0121   0.00435  0.008482
   456/599     5.48G   0.01682  0.005228  0.006253  0.005075   0.03338        13       640    0.6222    0.9894    0.9427    0.7874   0.01201  0.004353  0.008033
   457/599     5.48G   0.01721   0.00517  0.007587  0.005033     0.035        22       640    0.6248    0.9894    0.9406    0.7871   0.01214   0.00434  0.008401
   458/599     5.48G   0.01609  0.005192  0.006758  0.005008   0.03305        18       640    0.6247    0.9894    0.9566    0.8019   0.01203  0.004323  0.008555
   459/599     5.48G   0.01669  0.005368  0.006192  0.005059   0.03331        19       640    0.6242    0.9894    0.9569    0.8027   0.01202   0.00432  0.008508
   460/599     5.48G   0.01668  0.005263  0.005915  0.004796   0.03266        16       640    0.6342    0.9894    0.9577    0.7985   0.01189  0.004314  0.008473
   461/599     5.48G   0.01553  0.004763  0.006055  0.004763   0.03111        15       640    0.6356    0.9901    0.9578    0.8025   0.01197  0.004311   0.00815
   462/599     5.48G   0.01678  0.005105  0.005723  0.004922   0.03253        16       640    0.6333    0.9902    0.9597    0.7972   0.01189   0.00431  0.008002
   463/599     5.48G     0.016  0.004746  0.006175  0.004854   0.03177        15       640    0.6374    0.9907    0.9614    0.7994   0.01182   0.00429  0.007838
   464/599     5.48G   0.01557   0.00506  0.006082  0.004585    0.0313        20       640    0.6375    0.9899    0.9618    0.8014   0.01182   0.00429    0.0078
   465/599     5.48G   0.01593  0.004939  0.006191  0.004712   0.03177        17       640     0.637      0.99    0.9614    0.8079   0.01183  0.004291   0.00781
   466/599     5.48G   0.01641  0.005068  0.006719  0.004877   0.03307        15       640    0.6328      0.99    0.9626    0.8051   0.01173  0.004284  0.007646
   467/599     5.48G   0.01677   0.00508  0.007245  0.004964   0.03406        17       640    0.6283    0.9917    0.9602    0.8002   0.01168  0.004287  0.008011
   468/599     5.48G    0.0161  0.005041   0.00647   0.00511   0.03272        22       640    0.6278    0.9907    0.9601    0.8026   0.01169  0.004284  0.007902
   469/599     5.48G    0.0162  0.004971  0.006637  0.005001   0.03281        16       640     0.628    0.9893    0.9605    0.8003   0.01185  0.004297  0.007804
   470/599     5.48G   0.01581  0.004952  0.006127  0.004942   0.03183        13       640    0.6284    0.9893    0.9633    0.8124   0.01171  0.004279  0.007463
   471/599     5.48G   0.01627  0.005129  0.005716  0.004817   0.03194        15       640    0.6185    0.9884    0.9613    0.8029   0.01158  0.004262  0.007256
   472/599     5.48G   0.01585  0.004979   0.00578  0.004693    0.0313        17       640    0.6176    0.9888    0.9604    0.8068   0.01149  0.004259  0.007471
   473/599     5.48G   0.01586  0.004826   0.00569  0.004745   0.03112        12       640    0.6167    0.9902    0.9619    0.8212   0.01159  0.004265  0.007553
   474/599     5.48G   0.01533  0.004954  0.005563  0.004849   0.03069        15       640    0.6179    0.9902    0.9587    0.8114   0.01163  0.004278  0.007711
   475/599     5.48G   0.01662  0.004996   0.00574  0.004957   0.03231        18       640    0.6213    0.9902    0.9571    0.8086   0.01172  0.004279  0.007635
   476/599     5.48G   0.01595  0.004876  0.005922  0.005102   0.03185        16       640    0.6228    0.9901     0.954    0.7989   0.01179  0.004259  0.007478
   477/599     5.48G   0.01553  0.005138  0.005887  0.004797   0.03135        12       640    0.6193    0.9887    0.9536    0.7979   0.01191   0.00425  0.007837
   478/599     5.48G   0.01573  0.004777  0.006008    0.0048   0.03132        18       640    0.6193    0.9887    0.9568    0.7989   0.01176  0.004256  0.008062
   479/599     5.48G   0.01569   0.00517  0.006076  0.004801   0.03174        26       640    0.6262    0.9887    0.9559     0.802   0.01187  0.004264  0.007997
   480/599     5.48G   0.01531    0.0048  0.005535  0.004716   0.03036        12       640    0.6225    0.9887    0.9532    0.7964   0.01185  0.004265  0.008047
   481/599     5.48G   0.01579  0.004853  0.005994  0.005107   0.03175        18       640    0.6214    0.9902    0.9558    0.7996   0.01173  0.004256  0.007927
   482/599     5.48G   0.01539  0.005174  0.005412  0.004581   0.03056        14       640    0.6201    0.9902     0.958    0.8015    0.0116  0.004264     0.008
   483/599     5.48G   0.01562  0.005036  0.005774  0.004724   0.03115        11       640    0.6283    0.9902    0.9545    0.8016   0.01169  0.004279  0.007953
   484/599     5.48G   0.01579  0.004885   0.00582  0.004726   0.03123        22       640    0.6262    0.9902    0.9549    0.8001   0.01174   0.00429  0.007687
   485/599     5.48G   0.01657  0.005122  0.006014  0.004717   0.03242        19       640     0.622    0.9902    0.9563    0.8036   0.01189  0.004279  0.007822
   486/599     5.48G   0.01569  0.004935  0.005572  0.004576   0.03077        13       640    0.6209    0.9902    0.9592    0.8124   0.01169  0.004265  0.008038
   487/599     5.48G   0.01531  0.004852  0.005447  0.004824   0.03043        10       640    0.6219    0.9902    0.9615    0.8107   0.01153  0.004252  0.008083
   488/599     5.48G   0.01534  0.004878   0.00525  0.004683   0.03015        16       640    0.6198    0.9902    0.9628    0.8066   0.01172  0.004238  0.008202
   489/599     5.48G   0.01529    0.0047  0.005143  0.004559   0.02969        15       640      0.62     0.981    0.9591    0.8079   0.01173  0.004228  0.008616
   490/599     5.48G   0.01574  0.004786  0.005783  0.004834   0.03114        18       640     0.621    0.9806     0.955    0.7972    0.0117   0.00423  0.008642
   491/599     5.48G   0.01542  0.005053  0.005975  0.004914   0.03136        11       640    0.6225    0.9898    0.9588    0.7989   0.01173  0.004229  0.008437
   492/599     5.48G   0.01585  0.004828  0.005428  0.004636   0.03074        12       640    0.6231    0.9887    0.9595    0.8018   0.01164  0.004221  0.008606
   493/599     5.48G   0.01592  0.005189  0.006925  0.004862    0.0329        19       640    0.6296    0.9899    0.9577    0.8015   0.01168   0.00421  0.008634
   494/599     5.48G   0.01558  0.004915  0.006149  0.005162    0.0318        21       640    0.6259     0.989    0.9575     0.802   0.01168  0.004207  0.008788
   495/599     5.48G   0.01485  0.004666   0.00545  0.004909   0.02988        15       640     0.613    0.9889    0.9583    0.8004   0.01167  0.004213  0.008768
   496/599     5.48G    0.0154  0.004794  0.005308  0.004674   0.03018        14       640    0.6039    0.9893    0.9597     0.806   0.01174  0.004236  0.008568
   497/599     5.48G   0.01537  0.004822   0.00565  0.004753    0.0306        10       640    0.6103    0.9893    0.9586    0.8003   0.01163  0.004256  0.008464
   498/599     5.48G    0.0149  0.004765  0.005409  0.004803   0.02988        21       640     0.613    0.9893    0.9619    0.8065   0.01157  0.004269  0.008409
   499/599     5.48G   0.01542  0.004982  0.004967   0.00466   0.03003        13       640    0.6098    0.9893    0.9625    0.8142   0.01156  0.004274  0.008323
   500/599     5.48G   0.01466  0.004716  0.004962   0.00453   0.02887        19       640    0.6092    0.9893    0.9625    0.8117   0.01146  0.004262  0.008195
   501/599     5.48G   0.01417  0.004594  0.004998  0.004558   0.02832        10       640    0.6137    0.9887    0.9628    0.8096   0.01142  0.004251  0.008149
   502/599     5.48G   0.01504   0.00485  0.005031  0.004462   0.02939        16       640    0.6131    0.9884    0.9618    0.8087   0.01142  0.004241  0.008136
   503/599     5.48G   0.01558  0.004816  0.006034  0.004762    0.0312        10       640    0.6108    0.9884    0.9649    0.8122   0.01147  0.004224  0.008025
   504/599     5.48G   0.01592  0.004891  0.004925  0.004774   0.03052        11       640    0.6171    0.9884    0.9636    0.8092   0.01155  0.004197  0.008193
   505/599     5.48G   0.01461  0.005106  0.005844  0.004572   0.03014        12       640    0.6218    0.9884    0.9649     0.809   0.01155  0.004183  0.008331
   506/599     5.48G    0.0148  0.004912  0.005142  0.004405   0.02926        15       640    0.6189    0.9893    0.9647    0.8006   0.01166  0.004189  0.008261
   507/599     5.48G   0.01451  0.004817  0.005265  0.004522   0.02912        18       640    0.6203    0.9893    0.9629    0.8066   0.01168  0.004212  0.008153
   508/599     5.48G   0.01482  0.004884  0.005438  0.004644   0.02979        17       640    0.6194    0.9893    0.9598    0.8038   0.01164   0.00422  0.008184
   509/599     5.48G   0.01491  0.004759  0.005474  0.004695   0.02983        10       640    0.6187    0.9893    0.9549     0.802   0.01168  0.004232   0.00842
   510/599     5.48G   0.01526   0.00498  0.005326  0.004849   0.03041         8       640    0.6177    0.9893     0.958    0.8021    0.0117  0.004239   0.00836
   511/599     5.48G   0.01454  0.004837  0.005293  0.004542   0.02921        15       640    0.6171    0.9893    0.9591    0.8093   0.01161  0.004236  0.008292
   512/599     5.48G   0.01493  0.004846  0.005482  0.004633   0.02989        10       640    0.6115    0.9902    0.9544    0.8046   0.01169  0.004235   0.00821
   513/599     5.48G   0.01443  0.004684  0.004832  0.004678   0.02862        16       640    0.6129    0.9893    0.9572    0.8062   0.01161  0.004228  0.008176
   514/599     5.48G   0.01438  0.004758  0.005374  0.004469   0.02898        13       640    0.6156    0.9902    0.9574    0.8057   0.01157  0.004224  0.008158
   515/599     5.48G   0.01459  0.004842  0.005341  0.004747   0.02952        20       640    0.6221    0.9902    0.9588    0.8131    0.0117  0.004199  0.008043
   516/599     5.48G   0.01509  0.004755  0.004913  0.004795   0.02955        12       640    0.6233    0.9893    0.9601    0.8123   0.01165  0.004191  0.007839
   517/599     5.48G   0.01567  0.004824  0.005538  0.005044   0.03108        15       640    0.6288    0.9902     0.961    0.8136   0.01169  0.004192  0.007643
   518/599     5.48G   0.01494  0.004742  0.005052  0.004521   0.02925        14       640    0.6287    0.9902    0.9622     0.816   0.01163  0.004197   0.00758
   519/599     5.48G   0.01508  0.004938  0.005322  0.004813   0.03015        12       640      0.63    0.9902    0.9566    0.8081   0.01155  0.004197  0.007597
   520/599     5.48G   0.01493  0.004724  0.005223  0.004675   0.02955        13       640    0.6258    0.9879    0.9564    0.8098   0.01166  0.004211  0.007578
   521/599     5.48G   0.01465  0.004913  0.004775  0.004775   0.02912        19       640    0.6249    0.9879    0.9558    0.8078   0.01156  0.004223  0.007523
   522/599     5.48G   0.01534  0.004707  0.005631   0.00505   0.03073        13       640    0.6249      0.99    0.9546    0.8043   0.01152  0.004233  0.007346
   523/599     5.48G   0.01514  0.004807  0.005109  0.004898   0.02995         9       640    0.6266    0.9902    0.9553    0.8048   0.01153  0.004229  0.007221
   524/599     5.48G   0.01461  0.004728  0.005135  0.004714   0.02919        16       640    0.6349    0.9902    0.9562    0.8024   0.01146  0.004239  0.007302
   525/599     5.48G   0.01417  0.004784   0.00487  0.004447   0.02827        21       640    0.6326    0.9902    0.9556    0.8048   0.01141  0.004235  0.007418
   526/599     5.48G    0.0146  0.004846  0.005196  0.004465   0.02911        15       640    0.6305    0.9893    0.9536    0.8072   0.01135   0.00423  0.007524
   527/599     5.48G    0.0146  0.004722  0.006301  0.004553   0.03018        17       640    0.6329    0.9902    0.9532    0.8043   0.01133  0.004254  0.007006
   528/599     5.48G   0.01566  0.005053  0.006357  0.005112   0.03218        12       640    0.6211    0.9887     0.951    0.8007   0.01144  0.004278  0.006828
   529/599     5.48G   0.01459  0.004938  0.005659  0.005146   0.03033        15       640    0.6235    0.9887    0.9529    0.8058   0.01143  0.004295  0.006709
   530/599     5.48G   0.01431  0.004785  0.005238  0.004861    0.0292        11       640    0.6273    0.9886    0.9525     0.803    0.0115  0.004302  0.006739
   531/599     5.48G   0.01483  0.005006  0.005197  0.004551   0.02958        14       640    0.6344    0.9893     0.955    0.8056    0.0115  0.004303  0.007027
   532/599     5.48G   0.01481  0.004895  0.005028  0.004798   0.02953        19       640    0.6289    0.9902     0.954    0.8016   0.01153  0.004299  0.007273
   533/599     5.48G   0.01459  0.005014  0.004927  0.004301   0.02883        16       640    0.6278    0.9898    0.9517    0.8043   0.01155  0.004292  0.007506
   534/599     5.48G   0.01453  0.004527  0.004652  0.004581   0.02829        19       640     0.623    0.9902    0.9519    0.8023   0.01156  0.004273  0.007694
   535/599     5.48G   0.01472  0.004611  0.004948  0.004472   0.02875        18       640     0.623    0.9902    0.9539    0.8034   0.01157  0.004257  0.007686
   536/599     5.48G   0.01445   0.00475  0.004434  0.004521   0.02816        29       640    0.6267    0.9893    0.9513    0.8009   0.01159  0.004251  0.007588
   537/599     5.48G   0.01483   0.00487  0.004975  0.004539   0.02921        20       640    0.6314    0.9893    0.9558    0.8089   0.01152  0.004244  0.007646
   538/599     5.48G   0.01458  0.004838  0.005151  0.004675   0.02925        15       640     0.635    0.9889    0.9575    0.8088   0.01145  0.004229  0.007772
   539/599     5.48G   0.01456  0.004777  0.005014  0.004616   0.02897        13       640    0.6423    0.9887    0.9592    0.8067    0.0114  0.004212  0.007892
   540/599     5.48G   0.01467  0.004949  0.004898  0.004655   0.02917        11       640    0.6426    0.9892    0.9598    0.8087   0.01143  0.004197  0.007957
   541/599     5.48G   0.01486  0.004767   0.00483  0.004296   0.02875        14       640    0.6402    0.9902     0.963    0.8077   0.01145  0.004188  0.007796
   542/599     5.48G   0.01461  0.004701  0.004535  0.004397   0.02824        23       640    0.6387    0.9893     0.963    0.8066   0.01139   0.00418  0.007615
   543/599     5.48G   0.01475  0.004696  0.004709  0.004463   0.02862        15       640    0.6394    0.9893    0.9648    0.8082    0.0114  0.004176  0.007564
   544/599     5.48G   0.01446  0.004624  0.004607  0.004301   0.02799        17       640    0.6391    0.9902    0.9654    0.8092   0.01153  0.004178  0.007492
   545/599     5.48G   0.01456  0.004765  0.005713  0.004395   0.02943        17       640      0.64    0.9902     0.963    0.8112   0.01146  0.004174  0.007675
   546/599     5.48G    0.0138  0.004554  0.004555  0.004409   0.02732         8       640    0.6401    0.9902    0.9628    0.8037   0.01145  0.004172  0.007767
   547/599     5.48G   0.01526  0.004854  0.004903  0.004529   0.02955        20       640    0.6379    0.9878    0.9607    0.8016   0.01159  0.004179   0.00786
   548/599     5.48G   0.01422  0.004752  0.005067  0.004422   0.02846        26       640    0.6418    0.9878    0.9605     0.803   0.01156  0.004177  0.007808
   549/599     5.48G   0.01465  0.004641  0.004463  0.004741   0.02849        15       640    0.6447    0.9883    0.9605    0.8055   0.01145  0.004167  0.007734
   550/599     5.48G   0.01502  0.004794   0.00551  0.004634   0.02995        18       640    0.6394    0.9878    0.9606    0.8054   0.01141   0.00417   0.00778
   551/599     5.48G   0.01463  0.004724  0.004844  0.004416   0.02862        21       640    0.6421    0.9878    0.9604    0.8062   0.01146  0.004175   0.00778
   552/599     5.48G   0.01508  0.004663  0.004195  0.004389   0.02832        13       640    0.6453    0.9878    0.9649     0.807   0.01145  0.004179  0.007625
   553/599     5.48G   0.01457  0.004821   0.00477  0.004473   0.02864        14       640    0.6515    0.9869    0.9657    0.8123   0.01146  0.004187  0.007445
   554/599     5.48G    0.0145  0.004653  0.004309  0.004394   0.02786        14       640    0.6581    0.9869    0.9661    0.8138    0.0115  0.004185  0.007429
   555/599     5.48G   0.01462  0.004623  0.004555  0.004522   0.02832        15       640    0.6647    0.9869    0.9654    0.8157   0.01145  0.004182    0.0075
   556/599     5.48G   0.01464  0.004585   0.00456  0.004483   0.02827        16       640    0.6658    0.9869     0.966    0.8104   0.01149  0.004177  0.007441
   557/599     5.48G   0.01406   0.00471  0.004779  0.004423   0.02797        16       640    0.6642    0.9869    0.9671    0.8125   0.01144  0.004159  0.007299
   558/599     5.48G   0.01454  0.004472  0.004619  0.004434   0.02806        19       640    0.6656    0.9869    0.9669    0.8157   0.01142  0.004146   0.00724
   559/599     5.48G    0.0144  0.004582  0.004721  0.004482   0.02819        16       640    0.6616    0.9869    0.9668    0.8185   0.01141  0.004143  0.007161
   560/599     5.48G   0.01428  0.004564   0.00447  0.004316   0.02763        19       640    0.6609    0.9869    0.9667    0.8151   0.01137   0.00414  0.007188
   561/599     5.48G   0.01365  0.004614  0.004474  0.004237   0.02697        14       640    0.6615    0.9869    0.9666    0.8139   0.01134  0.004142  0.007413
   562/599     5.48G   0.01427  0.004741   0.00447   0.00479   0.02827        13       640    0.6645    0.9868    0.9661    0.8139    0.0113  0.004144  0.007716
   563/599     5.48G   0.01544  0.004714  0.004945  0.004639   0.02973        17       640     0.662    0.9868    0.9645    0.8127   0.01126  0.004135  0.007968
   564/599     5.48G   0.01406  0.004614  0.004384  0.004426   0.02749        14       640    0.6615    0.9868    0.9646    0.8084   0.01128  0.004132  0.008062
   565/599     5.48G   0.01429  0.004706  0.005224  0.004427   0.02864        12       640    0.6617    0.9852    0.9648    0.8138   0.01131  0.004118  0.008039
   566/599     5.48G   0.01477  0.004669  0.005174  0.005131   0.02975        14       640    0.6643    0.9852    0.9638     0.812   0.01132  0.004114  0.008012
   567/599     5.48G   0.01404  0.004835   0.00458  0.004525   0.02798        17       640    0.6623    0.9856    0.9632    0.8098   0.01129   0.00412  0.008063
   568/599     5.48G   0.01394  0.004685  0.004396  0.004419   0.02744        16       640    0.6654    0.9858    0.9626    0.8124   0.01127  0.004141  0.008031
   569/599     5.48G   0.01447  0.004822  0.004306  0.004377   0.02797        23       640    0.6649    0.9852    0.9626    0.8132   0.01128  0.004163  0.007929
   570/599     5.48G   0.01472  0.004451  0.004648   0.00451   0.02832        13       640    0.6638     0.986    0.9628    0.8157   0.01137  0.004168  0.007807
   571/599     5.48G    0.0149  0.004633  0.004687  0.004432   0.02865        22       640    0.6623    0.9869     0.964    0.8164   0.01137  0.004163  0.007523
   572/599     5.48G   0.01388  0.004421  0.004082  0.004256   0.02664        11       640    0.6604     0.986    0.9642    0.8161   0.01131  0.004154  0.007288
   573/599     5.48G   0.01409  0.004563  0.004468  0.004218   0.02734        16       640    0.6583     0.986    0.9649     0.819   0.01127  0.004157  0.007017
   574/599     5.48G   0.01388  0.004808  0.004409  0.004326   0.02742        17       640    0.6598     0.986     0.965    0.8201   0.01129  0.004158  0.006714
   575/599     5.48G   0.01462   0.00488  0.004485  0.004437   0.02842        10       640    0.6631     0.986     0.965    0.8205   0.01134  0.004151  0.006621
   576/599     5.48G   0.01481  0.004641  0.004658  0.004378   0.02849        15       640    0.6644    0.9869     0.966    0.8222   0.01135  0.004149  0.006607
   577/599     5.48G   0.01496  0.004591  0.004667  0.004484    0.0287        18       640     0.664    0.9878    0.9664    0.8218   0.01137  0.004158   0.00652
   578/599     5.48G    0.0147   0.00485  0.004903   0.00463   0.02909        26       640    0.6577    0.9878    0.9673    0.8207   0.01131  0.004173  0.006526
   579/599     5.48G   0.01438  0.004686  0.005244   0.00472   0.02903        20       640    0.6565    0.9874    0.9658    0.8193   0.01134  0.004166  0.006575
   580/599     5.48G   0.01428  0.004644   0.00394  0.004465   0.02733        15       640    0.6562    0.9873    0.9663    0.8216   0.01132  0.004159  0.006599
   581/599     5.48G   0.01379  0.004565  0.004244  0.004499    0.0271        16       640    0.6565    0.9892    0.9674    0.8243    0.0113  0.004158  0.006538
   582/599     5.48G   0.01436   0.00462   0.00453  0.005052   0.02856        20       640    0.6587    0.9893    0.9665    0.8207   0.01131  0.004159  0.006761
   583/599     5.48G   0.01425  0.004465  0.004619  0.004429   0.02776        23       640    0.6607    0.9902    0.9664    0.8187   0.01127  0.004151  0.006908
   584/599     5.48G   0.01478  0.004617  0.004688   0.00436   0.02844        16       640    0.6583    0.9902    0.9657    0.8199    0.0113   0.00414  0.006977
   585/599     5.48G   0.01417  0.004531   0.00463  0.004591   0.02792        12       640    0.6582    0.9902    0.9656    0.8176   0.01129  0.004132  0.006955
   586/599     5.48G   0.01494  0.004609  0.003971  0.004379    0.0279        14       640    0.6579    0.9902    0.9658    0.8192   0.01125  0.004134  0.006843
   587/599     5.48G     0.015  0.004485  0.004563  0.004541   0.02859        13       640     0.658    0.9902    0.9663    0.8244   0.01123  0.004131  0.006704
   588/599     5.48G   0.01389  0.004654  0.004375  0.004254   0.02718        14       640    0.6587    0.9902    0.9666    0.8263   0.01122   0.00412  0.006812
   589/599     5.48G   0.01392  0.004574    0.0043  0.004379   0.02717        17       640    0.6604    0.9902    0.9647    0.8196   0.01121  0.004117  0.006806
   590/599     5.48G   0.01387   0.00472  0.003827  0.004197   0.02661        12       640    0.6616    0.9902    0.9651    0.8177   0.01116  0.004114  0.006767
   591/599     5.48G   0.01398  0.004481  0.003974  0.004315   0.02675        22       640    0.6664    0.9902    0.9641     0.818   0.01118  0.004112  0.006892
   592/599     5.48G    0.0151  0.004819  0.004363   0.00465   0.02893        18       640    0.6682    0.9902    0.9642    0.8175   0.01123  0.004119   0.00701
   593/599     5.48G   0.01488  0.004637  0.004546  0.004608   0.02867        12       640    0.6723    0.9902     0.965    0.8207    0.0112  0.004118  0.006842
   594/599     5.48G   0.01498  0.004579  0.004339  0.004333   0.02823        15       640    0.6721    0.9902    0.9656    0.8213   0.01119  0.004117  0.006485
   595/599     5.48G   0.01402  0.004527  0.004342  0.004415    0.0273        21       640      0.67    0.9902    0.9655    0.8171   0.01122  0.004118    0.0063
   596/599     5.48G   0.01385  0.004419  0.004201   0.00438   0.02685        14       640    0.6691    0.9902    0.9651    0.8127   0.01121  0.004115  0.006319
   597/599     5.48G   0.01374  0.004421  0.005134  0.004223   0.02751        16       640    0.6715    0.9902    0.9663    0.8135   0.01121  0.004116  0.006392
   598/599     5.48G   0.01436   0.00455  0.004167  0.004288   0.02737        14       640    0.6731    0.9902    0.9661    0.8119   0.01119  0.004116  0.006525
   599/599     5.48G   0.01428  0.004563  0.004861   0.00454   0.02824        17       640    0.6745    0.9893    0.9667    0.8123   0.01118  0.004113  0.006699
