     0/499    0.365G    0.1041   0.02494   0.07638    0.2356    0.4411        14       416         0         0 1.928e-07 2.594e-08   0.08124    0.0273    0.0654
     1/499     1.77G   0.09618     0.023   0.07621    0.2345    0.4298        17       416         0         0 3.057e-07 4.768e-08   0.07901   0.02642   0.06489
     2/499     1.78G   0.09803   0.02209   0.07361    0.2209    0.4147        14       416         0         0 3.134e-07 3.991e-08   0.08145   0.02526   0.07164
     3/499     1.89G    0.0902   0.02187   0.06938    0.1995    0.3809        21       416         0         0 3.708e-07 4.836e-08   0.07838   0.02535   0.06363
     4/499     1.91G   0.09006   0.02158   0.07095    0.1806    0.3632        17       416         0         0 2.194e-06 6.028e-07   0.08115   0.02386   0.06335
     5/499     1.92G   0.09047   0.02029   0.07209    0.1374    0.3202        20       416 2.957e-05   0.01065 0.0001513 2.689e-05   0.07815   0.02511    0.0652
     6/499     2.37G   0.08219    0.0199   0.06567   0.09142    0.2592        11       416 3.203e-05   0.01979  0.001875 0.0003759   0.06921   0.02881   0.05918
     7/499     2.38G   0.07868   0.02078   0.06521   0.06426    0.2289        19       416 6.389e-05   0.02029  0.003213 0.0007805   0.06243   0.02802   0.05798
     8/499      2.4G    0.0731   0.02086   0.06029   0.05667    0.2109        12       416 6.399e-05   0.02283  0.002935 0.0005999   0.06143   0.02499   0.05766
     9/499      2.4G   0.07302   0.02103   0.06137   0.05252    0.2079        17       416  0.001038   0.02846  0.002499 0.0004837   0.06032   0.02774   0.05742
    10/499     2.42G   0.07491   0.02186   0.06253    0.0571    0.2164        13       416   0.01848   0.00149  0.004032  0.001026   0.06133   0.02366   0.05681
    11/499     2.42G   0.07129   0.02044   0.05895   0.04882    0.1995        16       416   0.00011  0.003044  0.005733  0.001289   0.06241   0.02245   0.05677
    12/499     2.42G   0.07426    0.0203   0.06388   0.05344    0.2119        19       416  0.009648   0.03973  0.007981  0.001788   0.05918    0.0252    0.0563
    13/499     2.42G   0.07433   0.01944    0.0627   0.04965    0.2061        18       416   0.01563   0.07212   0.01366  0.003497   0.05596    0.0312   0.05646
    14/499     2.42G   0.06853   0.01939   0.06341   0.04803    0.1994        18       416   0.01283  0.008575   0.01584  0.004317    0.0542   0.02739   0.05584
    15/499     2.42G   0.06533   0.01941   0.05916   0.04231    0.1862        12       416   0.01147   0.03977   0.01679  0.004199   0.05416   0.02332   0.05541
    16/499     2.42G    0.0665   0.01824   0.06107   0.04622     0.192        13       416   0.06086   0.02701   0.01796  0.004031   0.05453   0.02302   0.05516
    17/499     2.42G   0.07074   0.01886   0.06159   0.04683     0.198        16       416    0.0134  0.007917   0.01938  0.006313   0.05233   0.02438   0.05555
    18/499     2.42G   0.06267   0.01877   0.05609   0.04322    0.1807        14       416   0.03289   0.05643   0.02303  0.007969   0.04772   0.02351   0.05538
    19/499     2.42G   0.06342   0.01834   0.05956   0.04072     0.182        18       416 0.0006169   0.07011  0.000983 0.0002642    0.0596    0.6311   0.07059
    20/499     4.41G    0.0631    0.0183   0.05968   0.04231    0.1834        21       416   0.04893   0.03116   0.03027  0.008634   0.05138   0.01817   0.05493
    21/499     4.41G   0.05956   0.01769   0.05895   0.04149    0.1777        14       416   0.04096     0.089   0.04189   0.01431   0.04315   0.02013   0.05475
    22/499     4.41G   0.05669   0.01721   0.05866   0.04033    0.1729        20       416   0.01603   0.05229   0.03533    0.0125   0.04543   0.01915   0.05482
    23/499     4.41G   0.05629   0.01732   0.06043   0.04335    0.1774        12       416   0.03925    0.1103   0.04743   0.01816   0.03976   0.01961   0.05451
    24/499     4.41G   0.05404   0.01588   0.05904   0.04001     0.169        19       416   0.02604   0.08322   0.04141   0.01334    0.0429   0.02039   0.05448
    25/499     4.41G   0.05078   0.01663   0.05884   0.03978     0.166        17       416   0.06754    0.0695   0.05712    0.0237   0.03768   0.01695    0.0542
    26/499     4.41G    0.0524    0.0162   0.06046   0.04072    0.1698        17       416   0.05535    0.1418   0.06065   0.02418   0.03738   0.01916   0.05444
    27/499     4.41G   0.05133   0.01631    0.0601   0.04485    0.1726        18       416   0.08221   0.08219   0.06144   0.02814   0.03514   0.01708   0.05418
    28/499     4.41G   0.05119   0.01627   0.05877   0.04082    0.1671        25       416   0.07215   0.08167   0.05546    0.0158     0.044    0.0207   0.05469
    29/499     4.41G   0.04818     0.016   0.05903   0.04019    0.1634        25       416     0.118    0.1076   0.07054   0.03463   0.03574   0.01788   0.05409
    30/499     4.41G   0.04678   0.01487   0.05686   0.03918    0.1577        17       416    0.1279    0.1284   0.08747   0.03667   0.03592    0.0153   0.05397
    31/499     4.43G   0.04856   0.01496   0.05726   0.03856    0.1593        21       416    0.1336      0.18    0.0919   0.03951   0.03407   0.01546   0.05384
    32/499     4.43G   0.04589   0.01517   0.05646   0.03697    0.1545        26       416    0.1087    0.1738   0.09444   0.04365    0.0332   0.01533   0.05341
    33/499     4.43G   0.04412   0.01432   0.05609   0.03728    0.1518        14       416    0.1198     0.168   0.09509    0.0474   0.03399   0.01457   0.05311
    34/499     4.43G   0.04422   0.01415   0.05636   0.03762    0.1523        21       416   0.09421    0.1944    0.1131   0.05733   0.03177   0.01489   0.05315
    35/499     4.43G   0.04129   0.01392   0.05552   0.03537    0.1461        13       416     0.112     0.178    0.1137   0.05956   0.03072   0.01444    0.0533
    36/499     4.43G   0.04364   0.01453   0.05527   0.03789    0.1513        14       416   0.03403    0.1531   0.03469   0.01313   0.03952   0.02499    0.0594
    37/499     4.43G   0.04318   0.01469     0.055   0.03673    0.1496        22       416   0.05638    0.1655   0.05261   0.02402   0.03265   0.02127   0.05299
    38/499     4.43G   0.04102   0.01441   0.05473    0.0333    0.1435        21       416     0.124    0.1879     0.112   0.04637   0.03186   0.01456   0.05236
    39/499     4.43G   0.04341     0.014   0.05662   0.03782    0.1518        17       416    0.0611    0.2045    0.1059   0.04497   0.03353   0.01524    0.0524
    40/499     4.43G    0.0426   0.01439   0.05563   0.03719    0.1498        28       416   0.09261    0.2224    0.1239    0.0632   0.02977   0.01449   0.05235
    41/499     4.43G   0.04207   0.01426   0.05517   0.03452     0.146        19       416    0.1085    0.1645    0.1319   0.06515   0.02998   0.01394    0.0519
    42/499     4.43G   0.03916   0.01355   0.05528   0.03499     0.143        14       416   0.09797    0.2196    0.1297   0.05984   0.02911   0.01417    0.0519
    43/499     4.43G   0.04107   0.01336   0.05682   0.03611    0.1473        19       416   0.08359    0.2206    0.1129   0.04945   0.03048   0.01407   0.05235
    44/499     4.43G   0.04171   0.01377   0.05513   0.03662    0.1472        21       416   0.09582    0.2396    0.1213   0.04596   0.03222   0.01386    0.0521
    45/499     4.43G   0.03986   0.01353   0.05431    0.0345    0.1422        18       416    0.1004    0.2151    0.1314   0.07223   0.02918   0.01371   0.05182
    46/499     4.43G   0.04049   0.01337   0.05569    0.0346    0.1441        13       416    0.1244    0.2068    0.1484   0.06627   0.02927   0.01342   0.05202
    47/499     4.43G   0.03869   0.01325   0.05523   0.03326    0.1404        25       416    0.1087    0.2665    0.1364   0.06883   0.02948    0.0147   0.05166
    48/499     4.43G    0.0389   0.01315   0.05224   0.03575      0.14        16       416   0.08947    0.2477    0.1293    0.0655   0.02819   0.01432    0.0513
    49/499     4.43G   0.03731    0.0129   0.05356   0.03293    0.1367        22       416   0.08945    0.2435    0.1393    0.0558   0.03017   0.01339   0.05141
    50/499     4.43G   0.03722   0.01273   0.05299     0.031    0.1339        17       416    0.1055    0.2419    0.1271   0.06265    0.0291   0.01443   0.05146
    51/499     4.43G   0.03823   0.01312   0.05464   0.03363    0.1396        13       416    0.1016     0.249    0.1315   0.06356   0.02788   0.01416   0.05129
    52/499     4.43G   0.03614   0.01263    0.0535   0.03054    0.1328        15       416     0.122    0.2264    0.1647    0.0838   0.02802   0.01303   0.05098
    53/499     4.43G   0.03724   0.01201   0.05314   0.03159     0.134        17       416    0.1028     0.246    0.1629   0.08738   0.02759   0.01403   0.05045
    54/499     4.43G   0.03716   0.01273   0.05443    0.0331    0.1374        19       416    0.1167    0.3167    0.1671   0.08788    0.0263   0.01437   0.05034
    55/499     4.43G   0.03593   0.01274   0.05452   0.03213    0.1353        16       416    0.1002    0.3379    0.1535   0.08324    0.0271   0.01263   0.05039
    56/499     4.43G   0.03914   0.01298   0.05476   0.03243    0.1393        17       416    0.1113    0.3321    0.1606    0.0746   0.02649   0.01317    0.0506
    57/499     4.43G   0.03545   0.01265   0.05159   0.02816    0.1279        15       416     0.115    0.3146    0.1616   0.07389   0.02786   0.01271   0.05018
    58/499     4.43G   0.03969    0.0133    0.0567   0.03124    0.1409        19       416    0.1198     0.381     0.165   0.07478   0.02751   0.01314   0.04979
    59/499     4.43G    0.0378   0.01318    0.0538   0.02892    0.1337        18       416    0.1198    0.3596    0.1726   0.08677   0.02609   0.01235   0.04991
    60/499     4.43G   0.03506   0.01199   0.05171   0.02603    0.1248        22       416    0.1636    0.3466     0.191   0.09429   0.02607   0.01287   0.04987
    61/499     4.43G   0.03519   0.01215   0.05327   0.02756    0.1282        23       416    0.1259    0.3806    0.1841   0.09904   0.02609   0.01223   0.04947
    62/499     4.43G   0.03637   0.01315   0.05277   0.02621    0.1285        16       416    0.1225    0.3981    0.1688   0.09315   0.02561   0.01258   0.04975
    63/499     4.43G   0.03766   0.01274   0.05398   0.02514    0.1295        25       416    0.1575    0.3474    0.1895    0.1076   0.02667   0.01287   0.04944
    64/499     4.43G   0.03451   0.01278   0.05164   0.02581    0.1247        16       416    0.1207    0.3643    0.1672   0.08363   0.02683   0.01304   0.04933
    65/499     4.43G   0.03697   0.01202   0.05248   0.02801    0.1295        18       416    0.1393     0.283    0.1665   0.08689   0.02918   0.01301   0.04943
    66/499     4.43G   0.03766   0.01234   0.05131   0.02685    0.1282        18       416      0.13    0.4049     0.188    0.1031   0.02636   0.01259   0.04916
    67/499     4.43G   0.03783   0.01245   0.05305   0.02636    0.1297        18       416    0.1266    0.4183    0.2075    0.1155   0.02668   0.01225   0.04879
    68/499     4.43G   0.03878   0.01204   0.05099   0.02401    0.1258        23       416     0.128    0.4125     0.201    0.1102   0.02756   0.01288   0.04919
    69/499     4.43G   0.03539   0.01208   0.05059   0.02494     0.123        19       416    0.1345     0.427    0.2035    0.1192   0.02671   0.01197    0.0484
    70/499     4.43G   0.03563   0.01242     0.052   0.02442    0.1245        17       416    0.1293    0.4164    0.2014    0.1171   0.02477    0.0122   0.04886
    71/499     4.43G   0.03679   0.01255   0.05144   0.02452    0.1253        23       416    0.1409    0.3693    0.1981    0.1136   0.02694   0.01287    0.0491
    72/499     4.43G   0.03587   0.01201    0.0516     0.024    0.1235        16       416     0.119    0.4084    0.2177    0.1216     0.025   0.01251   0.04833
    73/499     4.43G   0.03568   0.01246   0.05377   0.02238    0.1243        19       416    0.1704    0.4315    0.2279    0.1241    0.0252   0.01286   0.04809
    74/499     4.43G   0.03428   0.01184   0.05066   0.02349    0.1203        20       416    0.1532     0.434    0.2242    0.1281   0.02507   0.01245   0.04826
    75/499     4.43G   0.03527   0.01311   0.05133   0.02586    0.1256        19       416    0.1366    0.4318    0.2269    0.1199   0.02581   0.01225   0.04755
    76/499     4.43G   0.03426   0.01193   0.05024   0.02251    0.1189        17       416    0.1545    0.4448    0.2282      0.12   0.02374   0.01181   0.04767
    77/499     4.43G   0.03434   0.01206   0.04947   0.02384    0.1197        12       416    0.1139    0.4612     0.235    0.1238    0.0251   0.01223   0.04783
    78/499     4.43G   0.03381   0.01319   0.05164   0.02375    0.1224        24       416    0.1335    0.4593    0.2406    0.1298   0.02392   0.01212   0.04729
    79/499     4.43G   0.03391   0.01255   0.04813   0.02268    0.1173        10       416     0.123    0.3353    0.1716   0.09314   0.03072   0.01506   0.04932
    80/499     4.43G   0.03555   0.01224   0.05233   0.02249    0.1226        17       416    0.1748    0.4157    0.2207    0.1235   0.02639   0.01342   0.04747
    81/499     4.43G   0.03442   0.01298   0.05123   0.02235     0.121        15       416    0.1364    0.4372    0.2261    0.1255    0.0258   0.01324   0.04743
    82/499     4.43G   0.03416   0.01197   0.04686   0.02068    0.1137        28       416    0.1665    0.4503    0.2653    0.1459    0.0242   0.01206   0.04657
    83/499     4.43G   0.03372   0.01279   0.04767   0.01961    0.1138        15       416    0.1567    0.4552    0.2616    0.1401    0.0249   0.01178   0.04683
    84/499     4.43G   0.03291   0.01197   0.04899   0.01929    0.1132        15       416     0.143    0.4485     0.257    0.1532   0.02448   0.01178   0.04668
    85/499     4.43G   0.03319   0.01178   0.04672    0.0199    0.1116        14       416    0.2071    0.4966    0.2596    0.1554   0.02411   0.01176    0.0463
    86/499     4.43G   0.03328   0.01183   0.04993   0.02034    0.1154        16       416    0.1637    0.5142    0.2645    0.1539   0.02357   0.01208   0.04579
    87/499     4.43G   0.03056     0.012   0.04435   0.01832    0.1052        19       416    0.1422    0.5153    0.2672    0.1566   0.02322   0.01167   0.04591
    88/499     4.43G   0.02943    0.0113   0.04731   0.01793     0.106        18       416    0.1474    0.5191    0.2621    0.1591   0.02286   0.01154   0.04561
    89/499     4.43G   0.03234   0.01214   0.04832   0.01813    0.1109        11       416    0.1461    0.4989    0.2606    0.1576    0.0232   0.01171   0.04547
    90/499     4.43G   0.03122   0.01118   0.04621   0.01945    0.1081        21       416    0.1553    0.4982    0.2548    0.1563   0.02207   0.01145   0.04547
    91/499     4.43G   0.03126   0.01186   0.04695   0.02074    0.1108        25       416    0.1571    0.4913    0.2553    0.1452   0.02465   0.01138   0.04564
    92/499     4.43G    0.0308   0.01187   0.04651    0.0179    0.1071        18       416    0.1698    0.5134    0.2863    0.1672   0.02342   0.01137   0.04483
    93/499     4.43G   0.03436   0.01118   0.04905   0.02057    0.1152        22       416    0.1523    0.5233    0.2673    0.1554    0.0234   0.01173   0.04496
    94/499     4.43G   0.03274   0.01163   0.04718   0.01842      0.11        20       416    0.1663     0.515    0.2769    0.1691   0.02257   0.01165   0.04477
    95/499     4.43G   0.03299   0.01213   0.04861   0.01808    0.1118        19       416     0.162     0.562    0.2838    0.1666    0.0236   0.01116    0.0465
    96/499     4.43G   0.04761    0.0164   0.06366   0.03097    0.1586        18       416   0.07213    0.1197   0.07084   0.02981   0.04386   0.02077    0.0519
    97/499     4.43G   0.04656   0.01794   0.05387   0.03206    0.1504        14       416   0.05378   0.05227   0.03913   0.01758   0.04703   0.02678   0.05332
    98/499     4.43G    0.0462   0.01843   0.05172   0.03461     0.151        23       416    0.1422    0.1942    0.1444   0.06289   0.03752    0.0187   0.05044
    99/499     4.43G   0.04158   0.01657   0.05192   0.03378    0.1438        18       416    0.1579    0.2013    0.1491   0.06464   0.03502   0.01787   0.04942
   100/499     4.43G   0.04471   0.01559   0.05449   0.03345    0.1482        16       416    0.1525    0.3807    0.1849   0.08819    0.0309   0.01762   0.04704
   101/499     4.43G   0.03937   0.01466   0.05053   0.03202    0.1366        20       416    0.1837    0.4175     0.207    0.1092   0.02813   0.01475   0.04727
   102/499     4.43G   0.03733   0.01414   0.04915   0.02619    0.1268        18       416    0.1274    0.4555    0.2366      0.13   0.02577   0.01343   0.04627
   103/499     4.43G   0.03638   0.01405   0.05036   0.02418     0.125        21       416    0.1529    0.4843    0.2531    0.1219   0.02772   0.01332   0.04522
   104/499     4.43G   0.03543   0.01276   0.04795   0.02219    0.1183        20       416    0.1269    0.4818    0.2433    0.1368   0.02523    0.0131   0.04519
   105/499     4.43G   0.03552   0.01383   0.04834   0.02261    0.1203        12       416    0.1401    0.5132    0.2546    0.1371   0.02514   0.01315   0.04499
   106/499     4.43G   0.03434   0.01276    0.0468   0.02245    0.1164        21       416     0.158    0.5216    0.2644    0.1467   0.02452   0.01284   0.04463
   107/499     4.43G   0.03308   0.01321   0.04394   0.02152    0.1118        14       416    0.1251    0.5086    0.2528    0.1428    0.0256   0.01252   0.04554
   108/499     4.43G   0.03447   0.01248   0.04684   0.02382    0.1176        18       416    0.1375    0.5129    0.2473    0.1368   0.02522   0.01237   0.04476
   109/499     4.43G   0.03267   0.01225   0.04591   0.02056    0.1114        20       416    0.1446    0.5254    0.2716    0.1578   0.02428   0.01245   0.04403
   110/499     4.43G   0.03421   0.01262   0.04885   0.02246    0.1181        13       416    0.1402    0.5211    0.2531    0.1505   0.02562   0.01239   0.04398
   111/499     4.43G   0.03657   0.01277   0.04905   0.02199    0.1204        16       416    0.1566    0.4833    0.2629    0.1519   0.02531   0.01367   0.04429
   112/499     4.43G   0.03464   0.01322   0.04669   0.02078    0.1153        14       416    0.1362    0.5259    0.2736     0.163   0.02438   0.01221   0.04378
   113/499     4.43G   0.03407   0.01209   0.04819   0.01965     0.114        19       416    0.1714    0.5176    0.2804    0.1639   0.02295   0.01214   0.04362
   114/499     4.43G   0.03407   0.01191   0.04651   0.02183    0.1143        20       416    0.1506    0.5458    0.2892    0.1683   0.02369    0.0115   0.04322
   115/499     4.43G   0.03305   0.01255   0.04693   0.01909    0.1116        21       416    0.1688    0.5355    0.2999    0.1804   0.02322    0.0116   0.04301
   116/499     4.43G    0.0318   0.01221   0.04575   0.01754    0.1073        22       416    0.1736    0.5378    0.2933    0.1823   0.02271    0.0121    0.0428
   117/499     4.43G    0.0336   0.01281   0.04514   0.02023    0.1118        20       416    0.1772    0.5482    0.3036    0.1753   0.02318   0.01178     0.043
   118/499     4.43G   0.03377   0.01223   0.04471   0.01839    0.1091        27       416    0.1468     0.541    0.2989    0.1812   0.02501   0.01181   0.04279
   119/499     4.43G   0.03125   0.01213    0.0423   0.01713    0.1028        14       416    0.1661    0.5525    0.3006    0.1797   0.02405   0.01128   0.04237
   120/499     4.43G   0.03209   0.01172   0.04505   0.01701    0.1059        15       416    0.1532    0.5788    0.3117    0.1922   0.02177   0.01105   0.04219
   121/499     4.43G   0.03151    0.0119   0.04701   0.01788    0.1083        13       416    0.1621    0.5726    0.3074    0.1895   0.02173   0.01118   0.04206
   122/499     4.43G   0.03455   0.01213   0.04679   0.02105    0.1145        18       416    0.1771    0.5795    0.3116    0.1951   0.02293   0.01129   0.04208
   123/499     4.43G   0.03174   0.01156   0.04588   0.01872    0.1079        28       416    0.1733    0.6021    0.3264    0.2052   0.02273   0.01122   0.04166
   124/499     4.43G   0.03233   0.01204   0.04443   0.01973    0.1085        23       416    0.1799    0.5863    0.3113    0.1886   0.02267   0.01118   0.04174
   125/499     4.43G   0.03252   0.01236   0.04492   0.01726    0.1071        15       416     0.167    0.5973    0.3186    0.1741   0.02312   0.01112   0.04148
   126/499     4.43G   0.03281   0.01213    0.0451   0.01907    0.1091        20       416    0.1653    0.5779     0.325    0.1871   0.02234   0.01139   0.04143
   127/499     4.44G   0.03141   0.01177   0.04397   0.01909    0.1062        21       416    0.1628    0.5979    0.3294    0.2097   0.02191   0.01121    0.0412
   128/499     4.44G   0.03101   0.01172   0.04415   0.01773    0.1046        18       416    0.1735    0.5833    0.3277    0.1999   0.02187   0.01107   0.04114
   129/499     4.44G   0.02987   0.01168    0.0417   0.01596   0.09922        17       416    0.1784    0.5916    0.3357    0.1916   0.02277     0.011   0.04109
   130/499     4.44G   0.03025   0.01108    0.0407   0.01548    0.0975        23       416    0.1753    0.6074     0.339     0.211   0.02188   0.01119   0.04062
   131/499     4.44G    0.0307   0.01141   0.04342   0.01689    0.1024        20       416    0.1896    0.6003    0.3374    0.2203   0.02142   0.01133   0.04068
   132/499     4.44G   0.03037   0.01123   0.04368   0.01608    0.1014        12       416    0.1759    0.5942    0.3346    0.2173   0.02197   0.01117   0.04065
   133/499     4.44G   0.02916   0.01165   0.03896   0.01559   0.09535        16       416    0.1802    0.5915    0.3273    0.2126   0.02145   0.01104   0.04151
   134/499     4.44G   0.03401    0.0121   0.04297   0.01927    0.1083        16       416    0.1794    0.5732    0.3179    0.1821   0.02374    0.0113   0.04093
   135/499     4.44G   0.03296   0.01196   0.04646   0.02046    0.1118        12       416      0.16    0.5844    0.3265    0.2069   0.02157   0.01127   0.04093
   136/499     4.44G   0.03158   0.01183   0.04342   0.01841    0.1052        18       416    0.1777    0.5989    0.3223    0.1872   0.02262   0.01139   0.04098
   137/499     4.44G   0.03179   0.01185   0.04295   0.01826    0.1048        15       416    0.1791    0.6412    0.3356     0.219   0.02149   0.01101   0.04059
   138/499     4.44G   0.03129   0.01095   0.04307   0.01668     0.102        18       416    0.1549     0.582     0.339    0.2274   0.02141   0.01106   0.04092
   139/499     4.44G   0.03423   0.01155   0.04474   0.01934    0.1099        16       416     0.201     0.587    0.3332    0.2114   0.02216   0.01119   0.04045
   140/499     4.44G   0.03304   0.01147   0.04216   0.01616    0.1028        30       416    0.1904    0.6435    0.3403    0.2184   0.02165   0.01105   0.04023
   141/499     4.44G   0.02966   0.01109   0.03998   0.01474   0.09547        19       416    0.1726    0.6402    0.3523     0.228   0.02142   0.01083   0.04021
   142/499     4.44G   0.03218    0.0107   0.04261   0.01764    0.1031        18       416    0.1756    0.6422    0.3514    0.2096    0.0222   0.01119   0.03966
   143/499     4.44G   0.03066   0.01182   0.03986   0.01656   0.09889        19       416    0.1966    0.6311    0.3468    0.2209   0.02188   0.01188   0.04023
   144/499     4.44G   0.03047   0.01136   0.03981   0.01665   0.09829        12       416    0.2023     0.612    0.3529    0.2282   0.02149   0.01098   0.03957
   145/499     4.44G   0.03034   0.01188   0.04139   0.01651    0.1001        23       416    0.1853    0.6125    0.3502    0.2283   0.02116   0.01135   0.03971
   146/499     4.44G    0.0327   0.01184   0.04261   0.01679    0.1039        15       416    0.1769    0.6248    0.3466     0.226    0.0215   0.01112   0.03968
   147/499     4.44G   0.03124   0.01185   0.04124   0.01558   0.09991        14       416    0.1844    0.5782    0.3321    0.2074   0.02392   0.01195   0.04014
   148/499     4.44G   0.03167   0.01264   0.04079   0.01721    0.1023        18       416    0.1604    0.5676    0.3244    0.1958   0.02422   0.01235   0.03983
   149/499     4.44G   0.03042   0.01207    0.0394   0.01627   0.09817        10       416    0.2081    0.5996    0.3473    0.2152   0.02272   0.01176   0.03979
   150/499     4.44G   0.03359    0.0123   0.04402    0.0177    0.1076        19       416    0.2076    0.5826    0.3605    0.2342    0.0222   0.01144   0.03964
   151/499     4.44G   0.03366    0.0118   0.04613    0.0191    0.1107        22       416    0.1924    0.6134    0.3517    0.2317   0.02157   0.01144   0.03907
   152/499     4.44G   0.03223   0.01172   0.04097    0.0185    0.1034        14       416    0.1844    0.6196    0.3503     0.219   0.02311   0.01143   0.03933
   153/499     4.44G   0.03016   0.01121   0.03823   0.01779   0.09739        21       416    0.2066     0.641    0.3416    0.2181   0.02212     0.012   0.03892
   154/499     4.44G   0.03112   0.01152   0.04059   0.01718    0.1004        13       416    0.1799    0.6064    0.3487    0.2223   0.02174    0.0117    0.0394
   155/499     4.44G   0.03127   0.01143   0.04289   0.01699    0.1026        16       416    0.1913    0.6327    0.3657    0.2417   0.02165   0.01138    0.0386
   156/499     4.44G   0.03111   0.01148   0.03966   0.01629   0.09854        16       416    0.2262    0.6126    0.3593    0.2393   0.02201   0.01138   0.03873
   157/499     4.44G   0.03014   0.01126    0.0401   0.01684   0.09834        11       416     0.239    0.6492    0.3655    0.2423    0.0212   0.01113    0.0383
   158/499     4.44G   0.03202   0.01124   0.04197   0.01652    0.1018        19       416    0.2468     0.646    0.3708    0.2407   0.02133     0.011   0.03838
   159/499     4.44G    0.0306   0.01139   0.04161   0.01638   0.09999         9       416    0.2287    0.6552    0.3809    0.2525   0.02072   0.01063   0.03787
   160/499     4.44G   0.02981   0.01087   0.03939   0.01444    0.0945        14       416    0.2451    0.6668    0.3762    0.2436   0.02101   0.01078    0.0379
   161/499     4.44G   0.02893   0.01035   0.03798   0.01377   0.09104        15       416    0.2508    0.6455    0.3715    0.2519   0.02085    0.0108   0.03773
   162/499     4.44G    0.0288   0.01054   0.03897   0.01406   0.09236        17       416    0.2501    0.6496    0.3815    0.2518   0.02006   0.01062   0.03765
   163/499     4.44G   0.02974   0.01112   0.03874   0.01404   0.09365        12       416    0.2451    0.6994    0.3827    0.2615   0.02021   0.01051   0.03741
   164/499     4.44G   0.03098   0.01074   0.04024    0.0137   0.09566        17       416    0.2438    0.7012    0.3824    0.2498   0.02077   0.01056   0.03742
   165/499     4.44G   0.03013   0.01059   0.03994   0.01436   0.09502        12       416    0.2432     0.706    0.3957    0.2701   0.02007    0.0104   0.03733
   166/499     4.44G    0.0282   0.01046   0.03621    0.0125   0.08737        18       416    0.2385    0.6971    0.3891    0.2687   0.02027   0.01033    0.0374
   167/499     4.44G   0.02954   0.01037   0.03915   0.01516   0.09423        21       416    0.2523    0.7077    0.3854    0.2619   0.01973   0.01033   0.03735
   168/499     4.44G    0.0315   0.01101   0.04073   0.01572   0.09896        19       416    0.1968    0.6802    0.3818    0.2473   0.02038   0.01016   0.03755
   169/499     4.44G   0.02693   0.01022    0.0356   0.01193   0.08469        16       416    0.2134    0.6554    0.3957    0.2614   0.02005   0.01018   0.03725
   170/499     4.44G   0.02716   0.01052   0.03917   0.01322   0.09007        13       416    0.2253    0.6574    0.3992    0.2756   0.01961   0.01006   0.03695
   171/499     4.44G   0.02782   0.01017   0.03654   0.01263   0.08717        23       416    0.2206    0.7031    0.3939     0.269   0.01952   0.01039   0.03699
   172/499     4.44G   0.02988   0.01047   0.03766   0.01516   0.09317        21       416     0.243    0.6548    0.3941    0.2604   0.02003   0.01017   0.03705
   173/499     4.44G   0.02849   0.01054   0.03628   0.01337   0.08866        19       416    0.2055    0.6413    0.3928    0.2688   0.02014   0.01041   0.03718
   174/499     4.44G   0.02904   0.01025   0.03759   0.01387   0.09075        12       416    0.2071    0.6992    0.3827    0.2573    0.0207   0.01046   0.03662
   175/499     4.44G   0.02897   0.01023   0.03983   0.01392   0.09294        15       416    0.2055    0.6689    0.4033    0.2708   0.01978    0.0103   0.03653
   176/499     4.44G   0.02852  0.009964   0.03684   0.01237    0.0877        14       416     0.209    0.6829    0.4031    0.2724    0.0193   0.01029   0.03673
   177/499     4.44G   0.02934   0.01084   0.03896   0.01406   0.09319        13       416    0.2215    0.6538    0.4033    0.2756   0.01957   0.01031    0.0367
   178/499     4.44G   0.02755   0.01019   0.03857   0.01387   0.09019        24       416    0.2459    0.6558    0.4055    0.2828   0.01895   0.01036   0.03657
   179/499     4.44G   0.02943   0.01031   0.03814    0.0139   0.09178        16       416    0.2463    0.6757    0.3984    0.2698   0.01953   0.01046    0.0366
   180/499     4.44G   0.02875   0.01024   0.03783   0.01317   0.08999        16       416    0.2116    0.6663    0.4008    0.2676   0.01974   0.01022   0.03636
   181/499     4.44G   0.02701   0.01012   0.03897   0.01211   0.08822        22       416    0.2134    0.7274    0.3972    0.2797   0.01923   0.01007   0.03625
   182/499     4.44G   0.02689   0.01063   0.03683   0.01316    0.0875        18       416    0.2141    0.6972    0.3992    0.2843   0.01905   0.01013   0.03621
   183/499     4.44G   0.02661   0.01027   0.03549   0.01265   0.08502        22       416    0.2569    0.7162     0.405      0.28   0.01925   0.01008   0.03603
   184/499     4.44G   0.02603   0.01021   0.03487   0.01295   0.08406        23       416    0.2499    0.7208    0.4127    0.2895   0.01835   0.01005   0.03594
   185/499     4.44G   0.02935   0.01038    0.0391   0.01365   0.09248        14       416    0.2615    0.6794    0.4132    0.2952   0.01832   0.01025   0.03593
   186/499     4.44G   0.02695   0.01014   0.03756   0.01366   0.08832        14       416    0.2122    0.7085     0.405    0.2795   0.01833   0.01028   0.03571
   187/499     4.44G   0.02685   0.01001   0.03415   0.01288   0.08389        21       416    0.2173    0.7028    0.4109    0.2812   0.01862   0.00998   0.03571
   188/499     4.44G   0.02802   0.01007   0.03886   0.01369   0.09064        15       416    0.2501    0.7132     0.416    0.2734   0.01924   0.01009   0.03558
   189/499     4.44G   0.02723   0.01027   0.03733   0.01294   0.08777        13       416    0.2576    0.7114    0.4148    0.2844   0.01895   0.01001    0.0357
   190/499     4.44G   0.02738   0.01001   0.03581   0.01224   0.08544        15       416    0.2576     0.725    0.4214    0.2938   0.01887  0.009917   0.03572
   191/499     4.44G   0.02805   0.01005   0.03747   0.01328   0.08885        16       416    0.2217    0.7227    0.4205    0.2841    0.0192   0.01012   0.03542
   192/499     4.44G   0.02934   0.01058   0.03598   0.01277   0.08867        14       416    0.2673    0.7291    0.4103    0.2901   0.01922   0.01005   0.03547
   193/499     4.44G   0.02818   0.01093   0.03824   0.01328   0.09064        19       416    0.2231    0.7068    0.3919    0.2821   0.02002   0.01024   0.03543
   194/499     4.44G    0.0274  0.009915   0.03412   0.01364   0.08507        16       416    0.2345     0.703    0.4256      0.28   0.02055   0.01028   0.03573
   195/499     4.44G   0.02758   0.01012   0.03622    0.0129   0.08682        15       416    0.2696    0.7185    0.4288    0.2912   0.01901   0.01016   0.03541
   196/499     4.44G   0.02872   0.01054   0.03712   0.01406   0.09044        21       416    0.2532    0.7059    0.4187    0.2804   0.01895   0.01024   0.03528
   197/499     4.44G   0.02923   0.01007   0.03647    0.0136   0.08936        21       416    0.2642    0.7345    0.4303    0.2918   0.01866  0.009968   0.03512
   198/499     4.44G   0.02677   0.01008   0.03623   0.01379   0.08687        24       416    0.2609    0.7098    0.4275    0.2967   0.01847  0.009941   0.03514
   199/499     4.44G   0.02744   0.01025   0.03431   0.01336   0.08535        11       416    0.2121     0.726     0.417    0.2851   0.01898  0.009979   0.03492
   200/499     4.44G   0.02709   0.01045   0.03705   0.01223   0.08682        13       416    0.2623     0.743    0.4252     0.289   0.01912   0.01003   0.03489
   201/499     4.44G   0.02765  0.009852   0.03539    0.0122   0.08509        20       416     0.258    0.7072    0.4353    0.2965    0.0189  0.009863   0.03478
   202/499     4.44G   0.02566    0.0103    0.0344   0.01316   0.08353        20       416    0.2717    0.7163    0.4429    0.3032   0.01867   0.01018   0.03484
   203/499     4.44G    0.0267   0.01011   0.03574   0.01359   0.08614        20       416    0.2708    0.7491    0.4498    0.3171   0.01936   0.01041   0.03469
   204/499     4.44G   0.02604    0.0103   0.03609   0.01365   0.08608        28       416    0.2286     0.744    0.4464    0.3175   0.01879   0.01006   0.03461
   205/499     4.44G   0.02513  0.009944   0.03463   0.01194   0.08164        23       416    0.2129    0.7383    0.4328    0.2993   0.01851   0.00986   0.03455
   206/499     4.44G   0.02565  0.009941   0.03558   0.01142    0.0826        12       416    0.2276    0.7517    0.4342    0.2945   0.01819  0.009889   0.03417
   207/499     4.44G   0.02491  0.009546   0.03239   0.01054   0.07739        17       416    0.2755    0.7539    0.4453    0.3084   0.01824  0.009972   0.03422
   208/499     4.44G   0.02625   0.01012   0.03437   0.01216   0.08291        17       416     0.242    0.7493     0.449    0.3129   0.01852  0.009755   0.03414
   209/499     4.44G   0.02655   0.01008   0.03553   0.01178   0.08394        21       416    0.2297    0.7513    0.4448     0.315   0.01789  0.009779   0.03387
   210/499     4.44G   0.02844   0.01068   0.03536   0.01396   0.08844        12       416    0.2377    0.7505    0.4433    0.3128   0.01803  0.009627   0.03365
   211/499     4.44G   0.02813   0.01029   0.03413   0.01338   0.08593        21       416    0.2764    0.7517    0.4566     0.312   0.01857  0.009871   0.03392
   212/499     4.44G   0.02641  0.009616   0.03368   0.01254   0.08225        15       416    0.2253    0.7488    0.4667    0.3259   0.01829  0.009785   0.03375
   213/499     4.44G   0.02645  0.009698   0.03595   0.01279   0.08488        15       416    0.2217     0.761    0.4631    0.3235   0.01795  0.009867   0.03351
   214/499     4.44G   0.02493   0.01002   0.03288   0.01161   0.07945        14       416    0.2439    0.7552    0.4583     0.326   0.01787  0.009879   0.03381
   215/499     4.44G   0.02692    0.0103   0.03633   0.01335    0.0869        20       416    0.2645    0.7732    0.4593    0.3284   0.01801  0.009851   0.03355
   216/499     4.44G   0.02542  0.009756    0.0316   0.01199   0.07876        14       416    0.2374    0.7509    0.4686    0.3303   0.01804  0.009608   0.03325
   217/499     4.44G   0.02651   0.01025   0.03514   0.01301   0.08491        13       416    0.2316    0.7569    0.4712    0.3341   0.01766  0.009619   0.03321
   218/499     4.44G   0.02766  0.009888    0.0356   0.01226    0.0854        14       416    0.2353    0.7535    0.4782    0.3403    0.0185  0.009758   0.03328
   219/499     4.44G   0.02572   0.01014    0.0319   0.01115   0.07891        14       416     0.234    0.7669    0.4694    0.3416    0.0179  0.009774   0.03315
   220/499     4.44G   0.02694  0.009988   0.03253   0.01174    0.0812        34       416    0.2352    0.7522    0.4709    0.3365   0.01776  0.009697    0.0334
   221/499     4.44G   0.02451  0.009383    0.0305   0.01136   0.07575        24       416    0.2437    0.7695    0.4661    0.3279   0.01792  0.009634   0.03295
   222/499     4.44G   0.02667  0.009394   0.03354   0.01253   0.08214        15       416    0.2575     0.766    0.4656    0.3316   0.01807  0.009861   0.03281
   223/499     4.44G   0.02602   0.01015   0.03524   0.01229    0.0837        14       416    0.2778    0.7729    0.4707    0.3382   0.01774  0.009793   0.03277
   224/499     4.44G   0.02601  0.009922   0.03257   0.01207   0.08057        17       416    0.2315     0.754    0.4687    0.3379   0.01793  0.009717   0.03267
   225/499     4.44G   0.02715  0.009482   0.03369   0.01162   0.08194        16       416    0.2863    0.7761    0.4844    0.3445   0.01823  0.009738   0.03263
   226/499     4.44G   0.02713   0.01029   0.03279   0.01188   0.08209        27       416    0.2734    0.7778    0.4974    0.3475   0.01873  0.009662   0.03207
   227/499     4.44G   0.02663  0.009777   0.03414   0.01111   0.08166        11       416    0.2829    0.7619    0.4974    0.3407   0.01838  0.009691   0.03214
   228/499     4.44G    0.0247  0.009891   0.03183   0.01098   0.07741        15       416    0.2785    0.7587    0.4809    0.3445   0.01756    0.0097   0.03263
   229/499     4.44G   0.02577  0.009491   0.03062   0.01074   0.07662        24       416    0.2837    0.7563     0.481     0.339   0.01808  0.009992   0.03302
   230/499     4.44G   0.02621  0.009491   0.03105   0.01114   0.07789        19       416    0.2829    0.7626    0.4984    0.3459   0.01806  0.009763   0.03212
   231/499     4.44G   0.02606   0.01019   0.03248   0.01164   0.08038        19       416    0.2884    0.7622    0.5021    0.3527   0.01813  0.009635   0.03205
   232/499     4.44G   0.02594  0.009767    0.0333   0.01215   0.08116        14       416    0.2832    0.7769    0.5048    0.3636   0.01781  0.009518   0.03181
   233/499     4.44G   0.02502  0.009804   0.03039   0.01171   0.07692        18       416    0.2818    0.7827     0.503    0.3619   0.01769   0.00949   0.03164
   234/499     4.44G   0.02544   0.01002     0.034    0.0111   0.08056        24       416    0.2804    0.7852    0.5034    0.3722   0.01776  0.009611   0.03142
   235/499     4.44G   0.02366  0.009642   0.03148   0.01031    0.0751        11       416    0.2775    0.7747    0.5062    0.3722   0.01752  0.009409   0.03113
   236/499     4.44G   0.02322  0.009651   0.02928   0.01097   0.07311        18       416    0.2381    0.7728    0.4928    0.3573   0.01762  0.009408   0.03131
   237/499     4.44G   0.02489  0.009574   0.03099   0.01064    0.0761        19       416    0.2805    0.7642    0.5147    0.3663   0.01798  0.009497    0.0311
   238/499     4.44G   0.02537   0.00958   0.03069   0.01117   0.07681        22       416    0.2802    0.7712    0.5257    0.3774   0.01803   0.00946   0.03084
   239/499     4.44G   0.02434  0.009571   0.02847   0.01013   0.07252        15       416    0.2818    0.7846    0.5208    0.3669   0.01819  0.009378    0.0308
   240/499     4.44G   0.02572  0.009132   0.03211   0.01157   0.07854        14       416    0.2553    0.7747    0.5046    0.3599   0.01783  0.009462   0.03104
   241/499     4.44G   0.02388  0.009236   0.03074   0.01067   0.07452        19       416    0.2904    0.7733    0.5129    0.3658   0.01786  0.009519   0.03081
   242/499     4.44G   0.02364  0.009534   0.02906  0.009595   0.07183        12       416    0.2425    0.7773    0.5132    0.3639    0.0174  0.009404   0.03058
   243/499     4.44G   0.02435    0.0091   0.02887   0.01005   0.07236        18       416    0.2479    0.7621    0.5161    0.3768   0.01805   0.00946   0.03055
   244/499     4.44G   0.02472  0.009775   0.02949   0.01101   0.07499        15       416     0.242     0.772    0.5135    0.3772   0.01763   0.00953   0.03034
   245/499     4.44G   0.02701  0.009641   0.03146    0.0109   0.07901        16       416    0.2639    0.7815    0.5093    0.3739   0.01747  0.009511   0.03048
   246/499     4.44G   0.02616  0.009629   0.02955   0.01106    0.0764        15       416    0.2627    0.7841    0.5191    0.3801   0.01799   0.00935   0.03011
   247/499     4.44G   0.02593  0.009627   0.03032   0.01007   0.07594        20       416    0.3349    0.7924     0.536    0.3935   0.01745  0.009502   0.02957
   248/499     4.44G   0.02472  0.009468   0.03188   0.01084   0.07691        16       416     0.303    0.7882    0.5309    0.3852   0.01709  0.009503   0.02957
   249/499     4.44G   0.02464  0.009319    0.0302   0.01022   0.07437        14       416    0.3427    0.7736    0.5318    0.3913   0.01719  0.009547   0.02978
   250/499     4.44G   0.02578  0.009488   0.02986   0.01101   0.07613        19       416    0.3007    0.7828    0.5412    0.3929   0.01747  0.009533   0.02932
   251/499     4.44G   0.02419   0.00972    0.0297    0.0103   0.07392        20       416    0.3239    0.7786    0.5539     0.401   0.01734  0.009562   0.02912
   252/499     4.44G   0.02447  0.009525   0.03198   0.01034   0.07631        18       416    0.3318    0.7768     0.569    0.4054   0.01747  0.009512   0.02893
   253/499     4.44G   0.02348  0.009583   0.02904  0.009822   0.07192        11       416    0.3396    0.7891    0.5479    0.3998   0.01728  0.009664   0.02884
   254/499     4.44G   0.02336   0.00949   0.02685   0.01062   0.07032        17       416    0.2972    0.7885    0.5591    0.4053   0.01724  0.009454   0.02838
   255/499     4.44G   0.02501  0.008895   0.02605   0.01052   0.07046        15       416    0.2979    0.7901    0.5587    0.3949   0.01821  0.009502   0.02845
   256/499     4.44G   0.02345  0.009479   0.02765   0.01006   0.07064        23       416    0.3375    0.7974    0.5536    0.4009   0.01751  0.009289   0.02857
   257/499     4.44G   0.02517  0.009818   0.02949   0.01108   0.07556        17       416    0.3282    0.7909    0.5642     0.409   0.01735  0.009397   0.02826
   258/499     4.44G   0.02315  0.008811   0.02731   0.01017   0.06944        13       416    0.3478    0.7987    0.5958    0.4241   0.01729  0.009295   0.02748
   259/499     4.44G   0.02413   0.00937   0.03061   0.01084   0.07495        14       416    0.3025    0.7842    0.5675    0.4063   0.01709  0.009554   0.02743
   260/499     4.44G   0.02536  0.009331   0.02803    0.0107   0.07342        16       416    0.3092    0.7892    0.5541    0.3929   0.01821  0.009701   0.02791
   261/499     4.44G   0.02222  0.009078   0.02509  0.009549   0.06593        16       416    0.3119    0.7886    0.5733    0.4054   0.01696  0.009291   0.02775
   262/499     4.44G   0.02456  0.009386   0.02871   0.01016   0.07282        21       416    0.2647    0.7818    0.5685    0.4114   0.01644  0.009223   0.02734
   263/499     4.44G    0.0226  0.009299   0.02432  0.009902   0.06612        16       416    0.2753    0.7872    0.5835    0.4325    0.0166  0.009302   0.02676
   264/499     4.44G   0.02401  0.009691   0.02771   0.01091   0.07233        14       416    0.3487    0.8012    0.5954    0.4268   0.01692  0.009451    0.0266
   265/499     4.44G    0.0239  0.009234   0.02729    0.0094   0.06982        13       416    0.3558    0.8002    0.5853    0.4169   0.01728  0.009513   0.02659
   266/499     4.44G   0.02386  0.009628   0.02847   0.01096   0.07291        20       416    0.3303    0.7956    0.5835    0.4305   0.01727   0.00936   0.02636
   267/499     4.44G   0.02475  0.009068   0.02588   0.01064   0.07035        17       416    0.3239    0.7959     0.594    0.4321   0.01725  0.009489   0.02612
   268/499     4.44G    0.0243  0.009071   0.02693   0.01101   0.07131        16       416    0.3599    0.8043     0.604    0.4439   0.01711  0.009364   0.02574
   269/499     4.44G   0.02423  0.009261   0.02878   0.01167   0.07394        18       416    0.3617    0.8119    0.6156    0.4516   0.01706  0.009349   0.02548
   270/499     4.44G   0.02352  0.009695   0.02447  0.009909   0.06759        21       416    0.3189    0.7987    0.6282    0.4501    0.0177  0.009408   0.02621
   271/499     4.44G   0.02309  0.009145    0.0256  0.009513   0.06734        15       416    0.3222    0.8033    0.6115    0.4468   0.01724  0.009548   0.02554
   272/499     4.44G   0.02286  0.008965   0.02277   0.00921    0.0638        22       416    0.3249    0.8035    0.6262    0.4466   0.01763  0.009303   0.02521
   273/499     4.44G   0.02432  0.009362   0.02538   0.01049   0.06956        12       416    0.3403    0.8178    0.6157    0.4433   0.01716  0.009431   0.02518
   274/499     4.44G   0.02496  0.009429   0.02925   0.01146    0.0751        16       416    0.3641    0.8167    0.6229    0.4549   0.01696  0.009485    0.0247
   275/499     4.44G   0.02245  0.008994   0.02527   0.01035   0.06707        14       416    0.3653    0.8207     0.629    0.4596   0.01662  0.009363   0.02428
   276/499     4.44G   0.02526  0.009669   0.02671   0.01081   0.07245        16       416    0.3676    0.8123    0.6418    0.4606   0.01721  0.009309   0.02427
   277/499     4.44G   0.02433  0.009432   0.02648   0.01154   0.07178        17       416    0.3622    0.8084    0.6416    0.4622   0.01724  0.009293   0.02397
   278/499     4.44G   0.02438  0.009065    0.0245   0.01157   0.06952        12       416    0.3767    0.8087    0.6466    0.4703   0.01708  0.009306   0.02381
   279/499     4.44G   0.02526  0.009192   0.02654   0.01123   0.07222        15       416    0.3687    0.8111    0.6383    0.4567   0.01741  0.009283   0.02378
   280/499     4.44G   0.02385  0.009145     0.024    0.0104   0.06739        17       416    0.3747    0.8182    0.6494     0.468   0.01767  0.009334    0.0231
   281/499     4.44G   0.02536  0.009362   0.02479   0.01014   0.06966        20       416     0.361    0.8077    0.6566    0.4707   0.01752  0.009311   0.02307
   282/499     4.44G   0.02361  0.009572   0.02352   0.01063   0.06733        18       416    0.3562    0.8031    0.6503    0.4737   0.01769   0.00934   0.02324
   283/499     4.44G   0.02258   0.00932   0.02109  0.009353   0.06234        15       416    0.3696    0.8071    0.6544    0.4822   0.01681  0.009325   0.02314
   284/499     4.44G   0.02402  0.009493   0.02389   0.01056   0.06796        23       416    0.3684    0.8072     0.651    0.4787   0.01663  0.009389   0.02278
   285/499     4.44G   0.02278  0.008863   0.02166  0.009176   0.06248        24       416    0.3737    0.8073    0.6591    0.4835   0.01706  0.009293   0.02264
   286/499     4.44G   0.02459  0.009055   0.02237  0.009524   0.06554        16       416    0.3775    0.8196     0.673    0.4875   0.01674  0.009324   0.02243
   287/499     4.44G   0.02679  0.009904   0.02474   0.01029   0.07173        15       416    0.3826    0.8173    0.6665    0.4942     0.017   0.00929   0.02259
   288/499     4.44G   0.02415  0.009052   0.02482   0.01112   0.06914        15       416    0.3863    0.8119    0.6527    0.4814   0.01686  0.009403   0.02268
   289/499     4.44G   0.02275  0.008902   0.02211  0.009766   0.06352        26       416    0.3774    0.8107    0.6463    0.4714   0.01675   0.00953   0.02241
   290/499     4.44G   0.02377  0.009453   0.02477   0.01028   0.06827        13       416    0.3786     0.818    0.6662    0.4853   0.01685  0.009468   0.02245
   291/499     4.44G   0.02206  0.009078   0.02172  0.009321   0.06218        13       416    0.3856    0.8221    0.6773    0.4928   0.01674  0.009345   0.02222
   292/499     4.44G   0.02369   0.00875   0.02465  0.009448   0.06655         8       416    0.4025    0.8192     0.709    0.5158   0.01675   0.00934   0.02191
   293/499     4.44G   0.02365   0.00921   0.02478   0.01068   0.06831        17       416    0.3892    0.8282    0.7159    0.5156   0.01675  0.009233   0.02147
   294/499     4.44G   0.02261  0.009094   0.02195  0.008826   0.06248        20       416    0.3841     0.831    0.6931    0.4995   0.01678  0.009213   0.02124
   295/499     4.44G   0.02356  0.009272   0.02152  0.009482   0.06383        13       416    0.3814    0.8305    0.6813    0.5034   0.01621    0.0092   0.02152
   296/499     4.44G   0.02286  0.008779   0.02144  0.009188   0.06227        16       416    0.3936    0.8218    0.6846    0.5047   0.01623  0.009158   0.02126
   297/499     4.44G   0.02324  0.008885   0.02213  0.009573   0.06383        15       416    0.3773     0.829    0.6718    0.4971   0.01614  0.009196    0.0213
   298/499     4.44G   0.02362  0.009166    0.0216  0.009886   0.06428        16       416    0.3916    0.8247    0.6835    0.5071   0.01677   0.00921   0.02125
   299/499     4.44G   0.02349  0.009504   0.02102  0.009504   0.06351        22       416    0.3706    0.8207    0.6805    0.4993   0.01673  0.009246   0.02157
   300/499     4.44G   0.02283  0.008838   0.02169   0.01005   0.06342        21       416    0.3882    0.8264    0.6858    0.5061   0.01658  0.009103   0.02118
   301/499     4.44G   0.02315  0.009445   0.02389   0.01053     0.067        14       416    0.3705     0.825    0.6928    0.5077   0.01641  0.009056    0.0206
   302/499     4.44G   0.02401  0.009123   0.02278  0.009688    0.0656        14       416     0.385    0.8299    0.6992    0.5146   0.01649  0.009143   0.02096
   303/499     4.44G   0.02445  0.008833    0.0219  0.009647   0.06483        25       416    0.3864    0.8222     0.711    0.5169   0.01637  0.009122   0.02074
   304/499     4.44G   0.02379  0.009035   0.02021   0.01152   0.06455        22       416    0.3974     0.838    0.7122    0.5182   0.01645  0.009002   0.02076
   305/499     4.44G   0.02451  0.009067   0.02074   0.01042   0.06475        10       416    0.3934    0.8339    0.7112    0.5213   0.01678  0.009098   0.02055
   306/499     4.44G   0.02303  0.009423   0.02184  0.009528   0.06383        24       416    0.4044    0.8313     0.713    0.5225   0.01711  0.009042   0.02051
   307/499     4.44G   0.02169   0.00884   0.01835   0.00871   0.05759        19       416    0.4013    0.8311    0.7179    0.5222   0.01679  0.009117   0.02047
   308/499     4.44G   0.02232  0.008957   0.02084  0.009479   0.06159        24       416    0.4062     0.832    0.7195    0.5263   0.01638  0.009095   0.02012
   309/499     4.44G   0.02193  0.008917   0.02018  0.009396   0.06043        12       416    0.3916    0.8329    0.7206    0.5269   0.01683  0.009118    0.0197
   310/499     4.44G   0.02312  0.009401   0.02171   0.01051   0.06474        18       416    0.3862    0.8356    0.7154     0.527   0.01644  0.009016   0.01965
   311/499     4.44G   0.02346  0.009246   0.02362  0.009714   0.06604        15       416     0.388    0.8384    0.7131    0.5254   0.01647  0.009178   0.01967
   312/499     4.44G   0.02411  0.009157   0.02187  0.009809   0.06495        14       416     0.411    0.8281    0.7205    0.5319   0.01653  0.009219   0.01979
   313/499     4.44G   0.02195   0.00881   0.01933   0.00835   0.05843        20       416    0.4135    0.8382    0.7455     0.547   0.01651  0.009155   0.01939
   314/499     4.44G   0.02285  0.009018   0.02092    0.0104   0.06319        14       416    0.3951    0.8428    0.7499    0.5412   0.01618  0.009052   0.01896
   315/499     4.44G    0.0219  0.009059   0.01793   0.00875   0.05765        12       416    0.3884    0.8416    0.7449    0.5436   0.01633  0.008948   0.01917
   316/499     4.44G   0.02366  0.008802    0.0222   0.01016   0.06482        18       416    0.4031    0.8322    0.7255     0.528    0.0163   0.00893   0.01939
   317/499     4.44G   0.02373  0.009115   0.02286  0.009912   0.06562        19       416    0.4021    0.8372    0.7216    0.5324   0.01631  0.008986   0.01929
   318/499     4.44G   0.02277  0.008835   0.02088  0.009055   0.06153        14       416    0.4138     0.836    0.7192    0.5309   0.01623     0.009   0.01935
   319/499     4.44G   0.02136  0.008735   0.01706  0.008553   0.05571        16       416    0.3943    0.8269    0.7165    0.5283   0.01618  0.009005   0.01915
   320/499     4.44G   0.02158  0.008399   0.02118  0.009035    0.0602        17       416    0.4156     0.845    0.7473    0.5475    0.0164  0.008886   0.01869
   321/499     4.44G   0.02218  0.008817   0.01893  0.008749   0.05867        19       416    0.4077    0.8319    0.7483     0.548    0.0167  0.009113   0.01875
   322/499     4.44G   0.02343  0.008936   0.02084   0.01011   0.06332        19       416    0.3929     0.841    0.7566    0.5548    0.0165  0.009009   0.01851
   323/499     4.44G   0.02308  0.009035   0.01863   0.00955    0.0603        20       416    0.3882    0.8397    0.7531    0.5439   0.01688  0.009157   0.01901
   324/499     4.44G   0.02387  0.009124   0.02053   0.01051   0.06404        16       416      0.39    0.8271    0.7307    0.5343   0.01668  0.009136   0.01891
   325/499     4.44G   0.02208  0.008801   0.01925  0.009566   0.05969        24       416    0.3966     0.827     0.762     0.556    0.0165  0.008995   0.01887
   326/499     4.44G   0.02244  0.009296   0.02056   0.01039   0.06268        24       416    0.3734    0.8288    0.7719     0.563   0.01599  0.008949   0.01885
   327/499     4.44G   0.02221  0.009152   0.01881  0.009365   0.05954        25       416    0.4063    0.8448    0.7836    0.5801   0.01603  0.008877   0.01844
   328/499     4.44G   0.02325  0.008914   0.01994  0.009273   0.06137        10       416    0.4135    0.8461    0.7769    0.5652   0.01597  0.008979   0.01834
   329/499     4.44G   0.02159  0.009376   0.01694  0.009298   0.05721        14       416    0.4086    0.8446    0.7822    0.5668   0.01608  0.008865   0.01845
   330/499     4.44G   0.02249  0.008867   0.01916  0.009314   0.05983        15       416    0.3988    0.8463    0.7602    0.5566   0.01603  0.008806   0.01859
   331/499     4.44G   0.02216  0.009115   0.01983  0.009396    0.0605        20       416    0.3843    0.8492    0.7644    0.5609   0.01562  0.008856   0.01887
   332/499     4.44G   0.02281  0.008868   0.01963  0.009282    0.0606        16       416    0.4139    0.8594    0.7608    0.5588   0.01563   0.00893   0.01867
   333/499     4.44G   0.02354  0.009279   0.02203   0.01055   0.06541        21       416    0.4118    0.8526    0.7484    0.5415   0.01612  0.008966   0.01847
   334/499     4.44G   0.02065  0.008506   0.01895  0.008545   0.05664        14       416    0.3977    0.8543     0.749    0.5449   0.01596  0.008905   0.01828
   335/499     4.44G   0.02253   0.00869   0.01959  0.008665   0.05947        19       416    0.4161     0.857     0.747    0.5432     0.016  0.008928   0.01794
   336/499     4.44G   0.02303  0.008718   0.02041   0.01003   0.06218        12       416    0.4084     0.852    0.7639    0.5666   0.01604   0.00898   0.01792
   337/499     4.44G    0.0217  0.008992   0.01731  0.009065   0.05707        16       416    0.4108    0.8708     0.775    0.5758   0.01572  0.008936   0.01751
   338/499     4.44G   0.02328  0.009109   0.01885  0.008683   0.05992        15       416    0.4177    0.9054    0.7698    0.5716   0.01573  0.008861   0.01777
   339/499     4.44G   0.02375  0.008542   0.01935  0.008752    0.0604        19       416    0.4241    0.8978    0.7778    0.5738   0.01607  0.008837   0.01764
   340/499     4.44G   0.02105  0.008793   0.01723  0.008514   0.05559        24       416    0.4229    0.9014    0.7683    0.5735   0.01584  0.008794   0.01742
   341/499     4.44G   0.02196  0.009063   0.01958  0.008759   0.05936        19       416    0.4189    0.8678    0.7735    0.5718   0.01535  0.008776   0.01725
   342/499     4.44G   0.02172  0.008477   0.01987  0.008562   0.05863        18       416    0.4259    0.9044     0.779    0.5841   0.01533   0.00875   0.01727
   343/499     4.44G   0.02179  0.008614   0.01877  0.009062   0.05824        16       416    0.4252    0.8851    0.7721    0.5806    0.0153  0.008768   0.01745
   344/499     4.44G   0.02163  0.008952   0.01646  0.008143   0.05518        16       416    0.4288    0.9085    0.7726    0.5752   0.01544  0.008685   0.01756
   345/499     4.44G   0.02147  0.008583   0.01825  0.008639   0.05694        16       416    0.4286    0.9049    0.7812    0.5814   0.01572  0.008751    0.0173
   346/499     4.44G   0.02227  0.008471   0.01876  0.009577   0.05908        18       416    0.4167    0.9036    0.7797    0.5776   0.01554  0.008802     0.017
   347/499     4.44G    0.0223   0.00869   0.01788  0.008715   0.05759        19       416    0.4167    0.9023    0.7839    0.5784   0.01551  0.008824   0.01716
   348/499     4.44G   0.02154  0.008741   0.01769  0.009579   0.05756        16       416    0.4152     0.868    0.7866    0.5791   0.01574  0.008786   0.01703
   349/499     4.44G   0.02018  0.008494    0.0156  0.008059   0.05233        22       416    0.4379    0.8793    0.7956    0.5917   0.01592  0.008734   0.01727
   350/499     4.44G   0.02082  0.008693   0.01638   0.00833   0.05423        19       416    0.4443    0.8918    0.7839    0.5914    0.0156  0.008672     0.017
   351/499     4.44G   0.02188  0.008748   0.01949  0.009996   0.06012        15       416    0.4487    0.9108    0.7898    0.5802   0.01555  0.008789   0.01675
   352/499     4.44G   0.02062  0.008472   0.01592  0.008796   0.05382        14       416    0.4612    0.8691    0.7942    0.5919   0.01557  0.008647   0.01682
   353/499     4.44G   0.02083  0.008422   0.01506  0.008326   0.05264        14       416    0.4386    0.8723    0.7867    0.5825   0.01561  0.008682   0.01685
   354/499     4.44G   0.02185  0.008469   0.01701  0.008555   0.05589        19       416    0.4359    0.8886    0.8008    0.5832   0.01567  0.008821   0.01693
   355/499     4.44G   0.02064  0.008704   0.01685   0.00836   0.05455        24       416    0.4227    0.8797    0.8038    0.5984   0.01554   0.00883   0.01685
   356/499     4.44G   0.02129  0.008516   0.01617  0.008467   0.05444        33       416    0.4257    0.9002    0.7946    0.5896   0.01556  0.008843   0.01682
   357/499     4.44G   0.01996  0.008219     0.017  0.008217    0.0534        13       416    0.4278    0.9167    0.7982    0.5826   0.01563   0.00879   0.01658
   358/499     4.44G   0.02164  0.008567   0.01582  0.008426   0.05445        22       416    0.4351    0.9205    0.7932     0.592   0.01544  0.008634   0.01656
   359/499     4.44G   0.02162  0.008581   0.01747  0.008198   0.05587        16       416    0.4343    0.9161    0.7971    0.5984   0.01566  0.008756    0.0165
   360/499     4.44G   0.02142  0.008739   0.01716  0.008151   0.05547        25       416    0.4578    0.9218    0.7957    0.5906   0.01553  0.008593   0.01663
   361/499     4.44G   0.01988  0.008392   0.01584  0.007928   0.05204        18       416    0.4359    0.9242    0.7957    0.5897    0.0156   0.00864    0.0165
   362/499     4.44G   0.02119  0.008149   0.01542  0.007777   0.05253        16       416    0.4464    0.9134    0.7981    0.5889   0.01625  0.008725   0.01631
   363/499     4.44G   0.02048  0.008276   0.01579   0.00784   0.05239        16       416    0.4533    0.9299    0.8066     0.608   0.01565  0.008597   0.01657
   364/499     4.44G   0.02086  0.008513   0.01654  0.008274   0.05419        20       416    0.4614    0.9322    0.8116    0.6047   0.01566  0.008692   0.01629
   365/499     4.44G   0.02049  0.008031   0.01489  0.007901   0.05131        15       416    0.4592    0.9378     0.815     0.608    0.0156  0.008634   0.01612
   366/499     4.44G   0.02033  0.008492   0.01686  0.007861   0.05355        25       416    0.4518    0.9335    0.8097    0.6079   0.01592  0.008645   0.01615
   367/499     4.44G   0.02189  0.008831   0.01711   0.00849   0.05632        24       416     0.452    0.9302    0.8026    0.6002   0.01583  0.008705   0.01641
   368/499     4.44G   0.02148  0.008539   0.01822  0.008569    0.0568        12       416    0.4499    0.9283    0.7962    0.5888   0.01563  0.008697   0.01636
   369/499     4.44G   0.02028  0.007939   0.01492  0.008204   0.05134        19       416    0.4457    0.9293    0.8026    0.5885   0.01558  0.008599   0.01623
   370/499     4.44G   0.02108  0.008605   0.01462  0.008021   0.05233        24       416    0.4611       0.9    0.8039    0.5913   0.01547  0.008563   0.01602
   371/499     4.44G   0.02074  0.008363   0.01536  0.007932    0.0524        13       416     0.457    0.8973    0.8019     0.592   0.01544  0.008523   0.01584
   372/499     4.44G   0.02129   0.00821   0.01579  0.008672   0.05396        13       416    0.4576     0.892    0.8021    0.5928    0.0157  0.008519   0.01585
   373/499     4.44G   0.02005  0.008174   0.01593  0.008175   0.05233        19       416    0.4658    0.9344    0.8096    0.5939    0.0157  0.008471    0.0157
   374/499     4.44G   0.02107  0.008045   0.01717  0.007685   0.05397        19       416    0.4544    0.9362    0.8206    0.6022   0.01589  0.008513   0.01584
   375/499     4.44G   0.02159  0.008195   0.01769  0.009072   0.05655        16       416    0.4556    0.9306    0.8267    0.6162   0.01554  0.008472   0.01578
   376/499     4.44G   0.02096   0.00817   0.01754  0.008643   0.05531        14       416    0.4621    0.9375    0.8204    0.6174   0.01536  0.008554   0.01589
   377/499     4.44G   0.02026  0.008373   0.01537  0.009137   0.05313        12       416    0.4614    0.9322    0.8141    0.6138   0.01504  0.008511   0.01586
   378/499     4.44G   0.02156  0.008244   0.02009  0.009464   0.05936        15       416     0.461    0.9158    0.8044    0.6076   0.01503  0.008563   0.01587
   379/499     4.44G   0.02076  0.008638   0.01728  0.008746   0.05543        28       416    0.4663    0.9273    0.8011    0.5944   0.01519  0.008592   0.01583
   380/499     4.44G   0.01994   0.00798   0.01579  0.008613   0.05233        18       416    0.4655      0.93    0.8056    0.6008   0.01505  0.008546   0.01572
   381/499     4.44G    0.0204  0.008209   0.01511  0.008058   0.05178        21       416    0.4672    0.9311     0.804    0.5994   0.01519   0.00859   0.01552
   382/499     4.44G    0.0193  0.008218    0.0154  0.008118   0.05104        12       416    0.4618    0.9241    0.8053    0.5936   0.01516  0.008584   0.01539
   383/499     4.44G   0.02019  0.008754   0.01472   0.00812   0.05178        24       416    0.4701     0.939     0.812    0.5983    0.0153  0.008558   0.01545
   384/499     4.44G   0.02039  0.007964   0.01409  0.007968   0.05041        17       416    0.4712    0.9449    0.8215    0.6065   0.01538  0.008554   0.01531
   385/499     4.44G   0.01998   0.00813   0.01668  0.008527   0.05332        18       416    0.4575    0.9449    0.8152    0.6055   0.01516  0.008566   0.01542
   386/499     4.44G   0.01972   0.00771   0.01522  0.007899   0.05056        13       416    0.4641    0.9471    0.8194    0.6118   0.01508  0.008577   0.01541
   387/499     4.44G    0.0199   0.00799   0.01527   0.00802   0.05117        17       416    0.4781    0.9455    0.8158    0.6093   0.01496  0.008565   0.01529
   388/499     4.44G   0.01985  0.008073   0.01465  0.008261   0.05083        14       416    0.4814    0.9465    0.8271    0.6137   0.01496  0.008475   0.01543
   389/499     4.44G   0.01907  0.007995   0.01378  0.007873   0.04871        14       416    0.4736    0.9395    0.8248    0.6136   0.01471  0.008427   0.01539
   390/499     4.44G   0.02083  0.008256   0.01547  0.008269   0.05282        13       416    0.4602    0.9384    0.8184    0.6035   0.01484  0.008464   0.01525
   391/499     4.44G   0.01952   0.00824   0.01549  0.007769   0.05102        19       416    0.4548    0.9377    0.8115     0.601     0.015   0.00844   0.01552
   392/499     4.44G   0.01978  0.007954   0.01455   0.00756   0.04984        14       416    0.4516    0.9335    0.8144     0.616    0.0152  0.008453   0.01511
   393/499     4.44G   0.01925  0.008109   0.01405  0.007828   0.04923        17       416    0.4794     0.939    0.8361    0.6282   0.01494  0.008496   0.01521
   394/499     4.44G   0.02103  0.008252   0.01588   0.00948   0.05464        14       416    0.4794    0.9432    0.8254    0.6152   0.01495  0.008502   0.01546
   395/499     4.44G   0.01939  0.007987    0.0146  0.007856   0.04983        19       416    0.4708    0.8937    0.8137    0.6038   0.01499  0.008555   0.01554
   396/499     4.44G   0.01962  0.008254   0.01423  0.008218   0.05032        16       416    0.4768    0.8881    0.8194    0.6106   0.01493  0.008539   0.01515
   397/499     4.44G   0.02071  0.008382   0.01643  0.008367   0.05389        21       416    0.4878    0.9124    0.8237    0.6174   0.01489  0.008451   0.01483
   398/499     4.44G   0.02021   0.00833   0.01427  0.007673   0.05048        12       416    0.4859    0.9317    0.8256    0.6175   0.01505  0.008418    0.0148
   399/499     4.44G   0.01874  0.007603   0.01208  0.007609   0.04603        14       416    0.4741    0.9352    0.8232    0.6227    0.0149  0.008421   0.01476
   400/499     4.44G   0.02091  0.008024   0.01645  0.008278   0.05366        21       416    0.4776    0.9366    0.8253    0.6288   0.01484  0.008376   0.01483
   401/499     4.44G   0.01988  0.008003   0.01507  0.007695   0.05064        15       416     0.475    0.9003    0.8378    0.6391   0.01471  0.008382    0.0148
   402/499     4.44G   0.02012  0.007726   0.01684  0.007675   0.05236        14       416    0.4751    0.9434    0.8472    0.6405    0.0146   0.00843   0.01488
   403/499     4.44G   0.02132  0.008037   0.01622  0.007607   0.05318        10       416    0.4725    0.9437    0.8452    0.6417    0.0148  0.008401   0.01505
   404/499     4.44G   0.02144  0.008266    0.0148  0.008966   0.05347        19       416    0.4582    0.9403    0.8407     0.631   0.01477  0.008405   0.01493
   405/499     4.44G   0.02063  0.008331   0.01383  0.008044   0.05084        20       416    0.4689    0.9403    0.8378    0.6243   0.01505  0.008471    0.0148
   406/499     4.44G    0.0201  0.008013   0.01712  0.008317   0.05355        18       416    0.4831    0.9371    0.8376    0.6233   0.01479  0.008464   0.01489
   407/499     4.44G   0.01974  0.008234   0.01524  0.007461   0.05068        25       416    0.4873    0.9391    0.8353    0.6231   0.01468  0.008358   0.01486
   408/499     4.44G   0.01874  0.008071   0.01311  0.007349   0.04727        17       416    0.4871    0.9348    0.8423    0.6242    0.0149  0.008329    0.0149
   409/499     4.44G   0.01908  0.008082   0.01311    0.0074   0.04767        19       416    0.4818    0.9399    0.8259    0.6166     0.015  0.008334    0.0146
   410/499     4.44G   0.01922  0.007956   0.01426   0.00759   0.04903        21       416    0.4708    0.9444    0.8264     0.614   0.01494  0.008345    0.0147
   411/499     4.44G   0.01878  0.007902   0.01271  0.006971   0.04637        21       416    0.4796    0.9424    0.8333    0.6245   0.01491  0.008314    0.0145
   412/499     4.44G   0.02005  0.008285   0.01562  0.007379   0.05134        31       416    0.4806    0.9406    0.8337     0.622   0.01493  0.008278   0.01449
   413/499     4.44G   0.01959  0.008059   0.01247  0.007232   0.04735        26       416    0.4906    0.9476    0.8379    0.6221   0.01498  0.008315   0.01443
   414/499     4.44G   0.01952  0.008014   0.01301  0.007879   0.04842        17       416    0.4928    0.9398    0.8356    0.6268   0.01489  0.008364   0.01452
   415/499     4.44G   0.01969  0.008131   0.01561  0.008126   0.05156        17       416     0.495     0.939    0.8338     0.616   0.01489  0.008443   0.01433
   416/499     4.44G   0.01908  0.007869   0.01369  0.007296   0.04794        19       416    0.4943    0.9398    0.8373    0.6307   0.01504  0.008443   0.01432
   417/499     4.44G   0.01969  0.007868   0.01431  0.007492   0.04936        16       416     0.503    0.9389    0.8366    0.6283   0.01499  0.008416   0.01421
   418/499     4.44G   0.02057  0.007771   0.01406  0.007351   0.04976        26       416    0.5101    0.9394    0.8416    0.6337   0.01484  0.008444   0.01409
   419/499     4.44G   0.01918  0.008163   0.01467  0.007438   0.04945        17       416    0.5018    0.9369    0.8525    0.6434   0.01482  0.008439   0.01427
   420/499     4.44G   0.01961  0.008048   0.01393  0.008203   0.04978        24       416    0.4955    0.9313    0.8503    0.6406   0.01474  0.008407   0.01443
   421/499     4.44G   0.01862  0.008112   0.01338  0.007315   0.04743        24       416    0.4914    0.9418    0.8491    0.6475   0.01458  0.008274   0.01435
   422/499     4.44G    0.0186  0.007574   0.01534   0.00808   0.04959        13       416     0.501    0.9359    0.8367    0.6327   0.01454  0.008283   0.01441
   423/499     4.44G   0.01898  0.007817   0.01523   0.00811   0.05014        20       416    0.4977    0.9385    0.8341      0.63   0.01445  0.008282   0.01446
   424/499     4.44G   0.01957  0.008043   0.01299  0.007952   0.04856        16       416    0.4939    0.9415    0.8364     0.631   0.01441  0.008199   0.01438
   425/499     4.44G   0.01828  0.007614   0.01161  0.006911   0.04442        15       416    0.4873    0.9389     0.839    0.6309   0.01471  0.008223   0.01431
   426/499     4.44G   0.01931  0.008143   0.01414  0.007349   0.04894        12       416    0.4795    0.9437    0.8399    0.6347   0.01472  0.008203   0.01437
   427/499     4.44G   0.01919  0.007729   0.01386  0.007504   0.04828        22       416    0.4937      0.94    0.8451    0.6389   0.01461  0.008226   0.01426
   428/499     4.44G   0.01938  0.008181   0.01489   0.00758   0.05003        17       416    0.4905    0.9363    0.8453    0.6414    0.0146  0.008227   0.01427
   429/499     4.44G   0.01976  0.007861   0.01376  0.008143   0.04953        13       416    0.5072    0.9359    0.8438    0.6373   0.01469  0.008251   0.01435
   430/499     4.44G   0.01852  0.007878   0.01177  0.007221   0.04539        18       416    0.5206    0.9438     0.845    0.6436   0.01464  0.008212   0.01427
   431/499     4.44G   0.01879  0.007841   0.01383  0.007389   0.04785        24       416    0.5212    0.9412    0.8387    0.6339   0.01446  0.008226   0.01421
   432/499     4.44G   0.01844  0.007706    0.0116  0.007551    0.0453        17       416    0.5141    0.9436    0.8377    0.6347   0.01439  0.008185   0.01449
   433/499     4.44G   0.01877  0.008135   0.01298   0.00734   0.04723        25       416    0.4947    0.9409    0.8403    0.6351   0.01429  0.008143   0.01453
   434/499     4.44G   0.01841  0.007888   0.01337  0.007636    0.0473        21       416    0.5027    0.9336     0.834    0.6296   0.01448  0.008221   0.01441
   435/499     4.44G   0.01813  0.007698   0.01254  0.006853   0.04522        23       416    0.5057    0.9356     0.841    0.6369   0.01448  0.008203   0.01418
   436/499     4.44G    0.0199  0.007979   0.01362  0.008024   0.04953        18       416    0.5074     0.931    0.8385    0.6366   0.01452  0.008205   0.01423
   437/499     4.44G   0.01914  0.008132   0.01457  0.008331   0.05017        17       416    0.5079    0.9285    0.8306     0.632   0.01458  0.008142   0.01428
   438/499     4.44G   0.01791  0.007616   0.01302  0.008083   0.04663        19       416    0.5074    0.9419    0.8452    0.6463    0.0145  0.008129   0.01441
   439/499     4.44G   0.01861  0.008095   0.01334   0.00734   0.04738        20       416    0.5014    0.9381    0.8382    0.6362   0.01454  0.008168   0.01452
   440/499     4.44G   0.01966  0.008167    0.0151   0.00746   0.05039        23       416    0.5127    0.9446    0.8409    0.6346    0.0145  0.008166   0.01433
   441/499     4.44G    0.0185  0.007727   0.01211  0.007118   0.04546        26       416    0.5119    0.9457    0.8599    0.6508    0.0146  0.008135   0.01415
   442/499     4.44G   0.01873  0.007396   0.01181  0.006869    0.0448        18       416    0.5033    0.9423    0.8505    0.6378   0.01464  0.008149   0.01401
   443/499     4.44G   0.01956   0.00767   0.01536  0.007695   0.05028        19       416    0.5205    0.9421    0.8466    0.6329   0.01464  0.008205   0.01385
   444/499     4.44G   0.01823  0.008182     0.012   0.00688   0.04529        25       416    0.5147    0.9395    0.8474    0.6372   0.01482   0.00822   0.01395
   445/499     4.44G   0.01936  0.007934   0.01248   0.00755   0.04732        12       416    0.5163    0.9358    0.8489    0.6422   0.01462  0.008225   0.01383
   446/499     4.44G   0.01942  0.007726   0.01429  0.007267    0.0487        18       416    0.5141    0.9459    0.8512    0.6467   0.01428  0.008206   0.01395
   447/499     4.44G   0.01851  0.008083   0.01349  0.007445   0.04753        28       416    0.5155    0.9433    0.8534    0.6514   0.01439  0.008192   0.01409
   448/499     4.44G   0.01944  0.007664   0.01392  0.008152   0.04917        14       416    0.5093    0.9467    0.8813    0.6821   0.01431  0.008135   0.01401
   449/499     4.44G   0.01935  0.007386   0.01311   0.00739   0.04724        12       416    0.5013    0.9423    0.8541    0.6553   0.01419  0.008182   0.01393
   450/499     4.44G   0.01895  0.007639   0.01276  0.007323   0.04667        13       416    0.5112    0.9368     0.843    0.6466   0.01438  0.008279   0.01387
   451/499     4.44G   0.01803  0.007632   0.01406  0.007187   0.04691        17       416    0.5034      0.94    0.8418    0.6488   0.01438  0.008243   0.01371
   452/499     4.44G   0.01858  0.007378   0.01251  0.007114   0.04559        16       416    0.5096    0.9441    0.8529    0.6407   0.01457  0.008211   0.01378
   453/499     4.44G   0.01926  0.007534   0.01374  0.008106   0.04864        16       416    0.5143    0.9502    0.8581    0.6399   0.01461  0.008181   0.01375
   454/499     4.44G   0.01805  0.008159   0.01147  0.007367   0.04504        22       416    0.5057    0.9436     0.864     0.651   0.01457  0.008159   0.01397
   455/499     4.44G   0.01831  0.007706   0.01153  0.007572   0.04512        22       416    0.5099    0.9395    0.8568    0.6512   0.01448  0.008196   0.01403
   456/499     4.44G   0.01825  0.007826   0.01145  0.006638   0.04417        15       416    0.5163    0.9393    0.8635    0.6629    0.0143  0.008186   0.01386
   457/499     4.44G   0.01849   0.00787   0.01257   0.00736   0.04628        15       416    0.5109    0.9446    0.8599     0.655   0.01431  0.008174   0.01412
   458/499     4.44G   0.01867  0.007771   0.01282  0.007654   0.04692        17       416     0.519    0.9391    0.8443    0.6421    0.0144  0.008215   0.01418
   459/499     4.44G   0.01839  0.007481   0.01556  0.008052   0.04948        17       416    0.5203    0.9372    0.8556    0.6526   0.01452  0.008266   0.01419
   460/499     4.44G   0.01841  0.007616   0.01253  0.007297   0.04586        12       416      0.51    0.9353     0.868    0.6673    0.0145  0.008237   0.01413
   461/499     4.44G   0.01696  0.007536   0.01144   0.00686    0.0428        16       416     0.519    0.9403    0.8794    0.6691    0.0143  0.008207   0.01403
   462/499     4.44G   0.01844  0.007948   0.01206  0.007471   0.04591        10       416    0.5129    0.9415    0.8798    0.6621   0.01432  0.008138   0.01388
   463/499     4.44G   0.01868  0.007859    0.0141  0.007488   0.04812        16       416    0.5133    0.9423    0.8999    0.6755   0.01433  0.008093    0.0139
   464/499     4.44G   0.01738  0.007795   0.01101  0.006734   0.04292        14       416    0.5129    0.9399    0.9016    0.6755   0.01429  0.008077   0.01396
   465/499     4.44G   0.01782  0.007439   0.01316  0.006839   0.04526        15       416    0.5263    0.9379    0.9047    0.6813   0.01418   0.00809   0.01392
   466/499     4.44G    0.0176  0.007094   0.01088  0.006889   0.04246        14       416    0.5338    0.9385    0.9074    0.6858   0.01415  0.008051   0.01389
   467/499     4.44G   0.01833  0.007918   0.01173  0.007641   0.04562        11       416    0.5268    0.9379    0.9101     0.694   0.01411  0.008037   0.01385
   468/499     4.44G   0.01846  0.007599    0.0113  0.006899   0.04426        27       416     0.533    0.9357    0.9009    0.6828   0.01407  0.008103   0.01375
   469/499     4.44G   0.01823  0.007407   0.01187  0.006902   0.04441        19       416    0.5314    0.9381    0.9009    0.6882   0.01418  0.008091    0.0137
   470/499     4.44G   0.01777  0.007976   0.01144   0.00678   0.04397        15       416    0.5309    0.9386    0.8976    0.6826   0.01444  0.008068   0.01378
   471/499     4.44G   0.01848  0.007493   0.01068  0.006989   0.04365        17       416    0.5324    0.9338    0.8959    0.6837   0.01448  0.008115   0.01383
   472/499     4.44G   0.01833  0.007499   0.01197  0.006665   0.04447        15       416    0.5318    0.9374    0.8987    0.6864    0.0145  0.008087   0.01375
   473/499     4.44G   0.01909  0.007803   0.01275  0.006934   0.04657        12       416    0.5356    0.9358    0.8991    0.6797   0.01441  0.008125   0.01383
   474/499     4.44G   0.01814  0.007277   0.01073  0.006658    0.0428        14       416    0.5398    0.9364    0.8707    0.6544   0.01449  0.008127   0.01384
   475/499     4.44G   0.01773  0.007942   0.01254   0.00727   0.04548        17       416    0.5257    0.9376    0.8542    0.6473   0.01434  0.008084   0.01377
   476/499     4.44G   0.01889  0.007761   0.01231  0.006932   0.04589        10       416    0.5322    0.9302    0.8495    0.6404   0.01454  0.008186   0.01405
   477/499     4.44G   0.01758  0.007454   0.01254   0.00633   0.04391        15       416    0.5379    0.9335    0.8458    0.6443   0.01463  0.008211   0.01393
   478/499     4.44G   0.01796   0.00741   0.01105  0.006769   0.04319        17       416    0.5294     0.933    0.8427    0.6415   0.01446  0.008169   0.01365
   479/499     4.44G   0.01856  0.007672   0.01242  0.007026   0.04567        25       416     0.528    0.9335    0.8458    0.6443   0.01453  0.008211    0.0137
   480/499     4.44G   0.01771  0.007776   0.01189  0.006992   0.04436        23       416     0.524    0.9338    0.8483    0.6492   0.01438  0.008184   0.01361
   481/499     4.44G   0.01824  0.007589   0.01319  0.006942   0.04596        17       416    0.5281    0.9388    0.8446    0.6524   0.01424  0.008128   0.01363
   482/499     4.44G   0.01838  0.007658   0.01242  0.007042    0.0455        18       416    0.5195    0.9355    0.8651    0.6689   0.01425  0.008152   0.01371
   483/499     4.44G   0.01811  0.007547   0.00973  0.007428   0.04281        22       416    0.5259    0.9364    0.8668    0.6667   0.01453  0.008135   0.01394
   484/499     4.44G   0.01791  0.007576   0.01117   0.00688   0.04354        15       416    0.5351    0.9341     0.864    0.6698   0.01464  0.008069   0.01389
   485/499     4.44G   0.01758  0.007831   0.01076  0.007642   0.04381        19       416    0.5331    0.9349    0.8606     0.669   0.01453  0.008092   0.01374
   486/499     4.44G   0.01903  0.007064    0.0134  0.007529   0.04703        16       416    0.5378    0.9384    0.8599    0.6703   0.01444  0.008129   0.01372
   487/499     4.44G   0.01819    0.0077   0.01368  0.007145   0.04671        12       416    0.5243    0.9374    0.8437    0.6533   0.01445   0.00814    0.0139
   488/499     4.44G   0.01815  0.007549   0.01201   0.00701   0.04472        13       416    0.5234    0.9344    0.8478    0.6565   0.01428  0.008146   0.01402
   489/499     4.44G   0.01773  0.007553   0.01129  0.006896   0.04347        23       416    0.5275    0.9348    0.8551    0.6607   0.01425  0.008115   0.01395
   490/499     4.44G   0.01857  0.007578    0.0109  0.007293   0.04433        13       416    0.5313    0.9364    0.8781    0.6777   0.01433  0.008105     0.014
   491/499     4.44G    0.0188  0.007749   0.01298  0.007083   0.04661        12       416    0.5319    0.9422    0.8774    0.6708   0.01451  0.008087   0.01387
   492/499     4.44G   0.01837  0.007784   0.01269   0.00707   0.04592        15       416     0.534     0.944    0.8649    0.6537   0.01467  0.008124   0.01373
   493/499     4.44G   0.01799  0.007642   0.01085   0.00731   0.04379        12       416    0.5317    0.9342    0.8618    0.6585   0.01442  0.008146   0.01407
   494/499     4.44G   0.01832  0.007333   0.01272   0.00734   0.04571        14       416    0.5287    0.9404    0.8436    0.6438   0.01438  0.008187   0.01402
   495/499     4.44G   0.01828  0.007685   0.01294  0.007767   0.04667        24       416    0.5234    0.9384    0.8529     0.652   0.01441  0.008167   0.01402
   496/499     4.44G   0.01784  0.007495   0.01149  0.007178     0.044        15       416    0.5198    0.9382    0.8577    0.6612   0.01429  0.008149   0.01404
   497/499     4.44G   0.01804  0.007744   0.01181  0.006951   0.04454        17       416    0.5261    0.9379     0.884    0.6782   0.01426  0.008127   0.01409
   498/499     4.44G   0.01799  0.007967    0.0109  0.007091   0.04395        23       416     0.526    0.9386    0.8765    0.6758   0.01416  0.008037   0.01415
   499/499     4.44G   0.01775  0.007761   0.01243  0.007404   0.04534        20       416    0.5215    0.9386    0.8709    0.6635   0.01409  0.008014   0.01422
